"date","region","population","total_responses","pct_cli","pct_cli_smooth","number_cli","batched_pct_cli","batched_pct_cli_smooth","estimate_cli","cum_estimate_cli","number_cli_smooth","cum_number_cli_smooth","b_size_denom"
2020-05-08,"ESMC",1493898,198,0.51,0.596416387399241,1.0098,NA,0.619887803173057,9260.49149384624,9260.49149384624,8909.85248302951,8909.85248302951,1000
2020-05-09,"ESMC",1493898,186,1.09,0.59119710733531,2.0274,NA,0.613526144059122,9165.45479557634,18425.9462894226,8831.88176254005,17741.7342455696,1000
2020-05-10,"ESMC",1493898,179,0.57,0.5859827404844,1.0203,NA,0.607164484945186,9070.41809730643,27496.364386729,8753.98444044165,26495.7186860112,1000
2020-05-11,"ESMC",1493898,152,0,0.580775547578216,0,NA,0.60080282583125,8975.38139903652,36471.7457857655,8676.19428976001,35171.9129757712,1000
2020-05-12,"ESMC",1493898,167,0.6,0.575577789348456,1.002,0.551683827983041,0.594441064086834,8880.34316757193,45352.0889533375,8598.5450835208,43770.458059292,1000
2020-05-13,"ESMC",1493898,176,1.16,0.570391726526827,2.0416,NA,0.588070910344121,8785.17956821262,54137.2685215501,8521.07059474973,52291.5286540418,1000
2020-05-14,"ESMC",1493898,193,1.04,0.565219619845028,2.0072,NA,0.581692890302487,8689.89845437104,62827.1669759211,8443.80459647247,60735.3332505142,1000
2020-05-15,"ESMC",1493898,183,0,0.560063730034762,0,NA,0.575315191244116,8594.62213569202,71421.7891116131,8366.78086171471,69102.1141122289,1000
2020-05-16,"ESMC",1493898,217,0,0.554926317827733,0,NA,0.568946000451194,8499.47292182038,79921.2620334335,8290.03316350214,77392.1472757311,1000
2020-05-17,"ESMC",1493898,215,0.47,0.549809643955641,1.0105,NA,0.562593505205905,8404.57312240091,88325.8351558344,8213.59527486045,85605.7425505915,1000
2020-05-18,"ESMC",1493898,175,0.57,0.54471596915019,0.9975,NA,0.556265892790435,8310.04504707845,96635.8802029129,8137.50096881531,93743.2435194069,1000
2020-05-19,"ESMC",1493898,222,0.45,0.539647554143083,0.999,NA,0.549971350486968,8216.01100549781,104851.891208411,8061.78401839243,101805.027537799,1000
2020-05-20,"ESMC",1493898,193,1.57,0.534606659666019,3.0301,0.727959183673469,0.54371806557769,8122.5933073038,112974.484515714,7986.47819661747,109791.505734417,1000
2020-05-21,"ESMC",1493898,131,0.77,0.529595546450704,1.0087,NA,0.537514225344786,8029.91426214125,121004.398777856,7911.61727651614,117703.123010933,1000
2020-05-22,"ESMC",1493898,157,1.27,0.524616475228838,1.9939,NA,0.53136801707044,7938.09617965496,128942.494957511,7837.23503111411,125540.358042047,1000
2020-05-23,"ESMC",1493898,202,0.5,0.519671706732125,1.01,NA,0.525287628036838,7847.26136948976,136789.756327,7763.36523343708,133303.723275484,1000
2020-05-24,"ESMC",1493898,224,0.45,0.514763504187671,1.008,NA,0.519281245526164,7757.53214129045,144547.288468291,7690.04169378953,140993.764969274,1000
2020-05-25,"ESMC",1493898,181,0,0.509894269180121,0,NA,0.513357056820604,7669.03080470186,152216.319272993,7617.30028939644,148611.06525867,1000
2020-05-26,"ESMC",1493898,181,1.1,0.505066611455871,1.991,NA,0.507523238422558,7581.87950832983,159798.198781323,7545.18000720703,156156.245265877,1000
2020-05-27,"ESMC",1493898,169,0,0.500283157951934,0,NA,0.501785904598111,7496.16959307309,167294.368374396,7473.72009098078,163629.965356858,1000
2020-05-28,"ESMC",1493898,188,0.53,0.495546535605323,0.9964,NA,0.496146673497685,7411.92523244845,174706.293606844,7402.95978447721,171032.925141335,1000
2020-05-29,"ESMC",1493898,144,0.7,0.490859371353052,1.008,0.31416719044626,0.490606570865997,7329.16175003572,182035.45535688,7332.93833145581,178365.863472791,1000
2020-05-30,"ESMC",1493898,160,0,0.486224292132134,0,NA,0.485166622447763,7247.89446941468,189283.349826295,7263.6949756761,185629.558448467,1000
2020-05-31,"ESMC",1493898,195,0,0.481643924879582,0,NA,0.479827853987698,7168.13871416514,196451.48854046,7195.26896089757,192824.827409365,1000
2020-06-01,"ESMC",1493898,127,0,0.477120896532409,0,NA,0.474591291230519,7089.9098078669,203541.398348327,7127.69953087973,199952.526940244,1000
2020-06-02,"ESMC",1493898,118,0.85,0.472657834027629,1.003,NA,0.469457959920942,7013.22307409975,210554.621422426,7061.02592938207,207013.552869626,1000
2020-06-03,"ESMC",1493898,128,0,0.468257364302256,0,NA,0.464428885803682,6938.09383644349,217492.71525887,6995.28740016411,214008.84026979,1000
2020-06-04,"ESMC",1493898,156,0,0.463922114293301,0,NA,0.459505094623456,6864.53741847792,224357.252677348,6930.52318698534,220939.363456776,1000
2020-06-05,"ESMC",1493898,147,0.69,0.45965471093778,1.0143,NA,0.45468761212498,6792.56914378284,231149.821821131,6866.77253360527,227806.135990381,1000
2020-06-06,"ESMC",1493898,132,0.76,0.455457781172704,1.0032,NA,0.44997746405297,6722.20433593804,237872.026157069,6804.0746837834,234610.210674164,1000
2020-06-07,"ESMC",1493898,146,0.68,0.451333951935088,0.9928,NA,0.445375676152142,6653.45831852332,244525.484475592,6742.46888127924,241352.679555444,1000
2020-06-08,"ESMC",1493898,125,0.81,0.447285850161944,1.0125,NA,0.440883274167211,6586.34641511848,251111.83089071,6681.99436985227,248034.673925296,1000
2020-06-09,"ESMC",1493898,143,0,0.443316089909266,0,0.380377358490566,0.436501232100792,6520.88317632908,257632.714067039,6622.69020083273,254657.364126129,1000
2020-06-10,"ESMC",1493898,127,0,0.439427061142673,0,NA,0.432226693158729,6457.02592456439,264089.739991604,6564.59207786916,261221.956203998,1000
2020-06-11,"ESMC",1493898,113,0,0.435620963734806,0,NA,0.428050402638628,6394.63640401041,270484.376395614,6507.73286481499,267729.689068813,1000
2020-06-12,"ESMC",1493898,123,0,0.431899991534524,0,NA,0.423962497945041,6333.56727755101,276817.943673165,6452.14533553442,274181.834404347,1000
2020-06-13,"ESMC",1493898,121,0.83,0.428266338390685,1.0043,NA,0.41995311648252,6273.67120807004,283091.614881235,6397.86226389168,280579.696668239,1000
2020-06-14,"ESMC",1493898,134,0,0.424722198152149,0,NA,0.416012395655617,6214.80085845135,289306.415739687,6344.91642375099,286924.61309199,1000
2020-06-15,"ESMC",1493898,123,0.83,0.421269764667773,1.0209,NA,0.412130472868883,6156.80889157879,295463.224631266,6293.34058897657,293217.953680967,1000
2020-06-16,"ESMC",1493898,127,0.79,0.417911231786417,1.0033,NA,0.408297485526872,6099.54797033623,301562.772601602,6243.16753343264,299461.121214399,1000
2020-06-17,"ESMC",1493898,123,2.44,0.414648793356937,3.0012,NA,0.404503571034134,6042.87075760751,307605.643359209,6194.43003098342,305655.551245383,1000
2020-06-18,"ESMC",1493898,108,0.94,0.411484643228195,1.0152,NA,0.400738866795222,5986.62991627649,313592.273275486,6147.16085549313,311802.712100876,1000
2020-06-19,"ESMC",1493898,108,0,0.408420975249046,0,NA,0.396993510214689,5930.67810922703,319522.951384713,6101.39278082599,317904.104881702,1000
2020-06-20,"ESMC",1493898,137,0,0.405459983268351,0,NA,0.393257638697085,5874.86799934299,325397.819384056,6057.15858084623,323961.263462548,1000
2020-06-21,"ESMC",1493898,160,0,0.402603861134967,0,0.573984723106302,0.389521389646964,5819.0522495082,331216.871633564,6014.49102941805,329975.754491966,1000
2020-06-22,"ESMC",1493898,132,0,0.399854802697754,0,NA,0.385774900468877,5763.08352260654,336979.95515617,5973.42290040569,335949.177392372,1000
2020-06-23,"ESMC",1493898,149,0.67,0.397215001805569,0.9983,NA,0.382008601637821,5706.81885969538,342686.774015866,5933.98696767336,341883.164360045,1000
2020-06-24,"ESMC",1493898,147,1.36,0.394686652307272,1.9992,NA,0.378224133786383,5650.2827701521,348337.056786018,5896.21600508529,347779.38036513,1000
2020-06-25,"ESMC",1493898,118,0,0.392272306037196,0,NA,0.374437594970724,5593.71574251575,353930.772528534,5860.14813444355,353639.528499574,1000
2020-06-26,"ESMC",1493898,125,0,0.389977323572046,0,NA,0.370666038974002,5537.37254291183,359468.145071445,5825.86343729632,359465.39193687,1000
2020-06-27,"ESMC",1493898,137,0.73,0.387808391114795,1.0001,NA,0.366926519579373,5481.50793746586,364949.653008911,5793.4617986961,365258.853735566,1000
2020-06-28,"ESMC",1493898,143,0.7,0.385772202692485,1.001,NA,0.363236090569996,5426.37669230336,370376.029701215,5763.04322057898,371021.896956145,1000
2020-06-29,"ESMC",1493898,120,0,0.38387545233216,0,NA,0.359611805729028,5372.23357354983,375748.263274765,5734.7077048811,376756.604661026,1000
2020-06-30,"ESMC",1493898,142,0,0.382124834060863,0,NA,0.356070718839626,5319.33334733079,381067.596622095,5708.55525353855,382465.159914565,1000
2020-07-01,"ESMC",1493898,130,0,0.380527041905636,0,NA,0.352629883684947,5267.93077977175,386335.527401867,5684.68586848746,388149.845783052,1000
2020-07-02,"ESMC",1493898,79,1.27,0.379088769893523,1.0033,NA,0.349306354048151,5218.28063699824,391553.808038865,5663.19955166394,393813.045334716,1000
2020-07-03,"ESMC",1493898,109,0,0.377816712051567,0,NA,0.346117183712393,5170.63768513576,396724.445724001,5644.19630500411,399457.24163972,1000
2020-07-04,"ESMC",1493898,94,1.08,0.37671756240681,1.0152,0.3215,0.343079426460831,5125.25669030982,401849.702414311,5627.77613044408,405085.017770165,1000
2020-07-05,"ESMC",1493898,115,0.87,0.375798014986296,1.0005,NA,0.340210136076623,5082.39241864595,406932.094832957,5614.03902991997,410699.056800085,1000
2020-07-06,"ESMC",1493898,127,0,0.375064763817068,0,NA,0.337526366342926,5042.29963626965,411974.394469227,5603.0850053679,416302.141805452,1000
2020-07-07,"ESMC",1493898,118,0,0.374524502926168,0,NA,0.335045194842919,5005.23346485447,416979.627934081,5595.01405872397,421897.155864176,1000
2020-07-08,"ESMC",1493898,126,0.79,0.374183926340641,0.9954,NA,0.332784246560258,4971.45720367876,421951.08513776,5589.92619192431,427487.082056101,1000
2020-07-09,"ESMC",1493898,95,0,0.374049728087528,0,NA,0.330761693879079,4941.24232962568,426892.327467385,5587.92140690502,433075.003463006,1000
2020-07-10,"ESMC",1493898,91,0,0.374128602193874,0,NA,0.328995732983537,4914.86067512639,431807.188142512,5589.09970560224,438664.103168608,1000
2020-07-11,"ESMC",1493898,71,0,0.374426441882663,0,NA,0.327504560057788,4892.5840726121,436699.772215124,5593.54912675626,444257.652295364,1000
2020-07-12,"ESMC",1493898,117,0,0.37494593716065,0,NA,0.32630637128599,4874.68435451397,441574.456569638,5601.30985632421,449858.962151688,1000
2020-07-13,"ESMC",1493898,117,1.72,0.375688977230534,2.0124,NA,0.325419362852297,4861.4333532632,446435.889922901,5612.41011706741,455471.372268756,1000
2020-07-14,"ESMC",1493898,225,0,0.376657451295013,0,NA,0.324861730940865,4853.10290129097,451288.992824192,5626.87813174717,461098.250400503,1000
2020-07-15,"ESMC",1493898,144,0,0.377853248556783,0,NA,0.324651671735852,4849.96483102845,456138.957655221,5644.74212312481,466742.992523628,1000
2020-07-16,"ESMC",1493898,125,0,0.379278258218544,0,NA,0.324807381421412,4852.29097490684,460991.248630127,5666.03031396166,472409.022837589,1000
2020-07-17,"ESMC",1493898,135,0,0.380934369482992,0,0.320447570332481,0.325347056181702,4860.35316535732,465851.601795485,5690.77092701902,478099.793764609,1000
2020-07-18,"ESMC",1493898,117,0,0.382823471552825,0,NA,0.326288892200877,4874.42323481106,470726.025030296,5718.99218505822,483818.785949667,1000
2020-07-19,"ESMC",1493898,142,0.7,0.384947453630741,0.994,NA,0.327651085663095,4894.77301569927,475620.798045995,5750.72231084057,489569.508260507,1000
2020-07-20,"ESMC",1493898,134,0.75,0.387308204919439,1.005,NA,0.329451832752511,4921.6743404531,480542.472386448,5785.9895271274,495355.497787635,1000
2020-07-21,"ESMC",1493898,164,0.61,0.389907614621615,1.0004,NA,0.331708829526562,4955.39157012072,485497.863956569,5824.82205668001,501180.319844315,1000
2020-07-22,"ESMC",1493898,144,0,0.392747571939967,0,NA,0.334432206551862,4996.07604503414,490493.940001603,5867.24812225973,507047.567966574,1000
2020-07-23,"ESMC",1493898,141,0,0.395829966077194,0,NA,0.337626228180768,5043.79147026793,495537.731471871,5913.29594662788,512960.863913202,1000
2020-07-24,"ESMC",1493898,139,0,0.399156686235993,0,NA,0.341295005403468,5098.5992598223,500636.330731693,5962.99375254577,518923.857665748,1000
2020-07-25,"ESMC",1493898,131,0,0.402729621619061,0,NA,0.345442649210153,5160.56082769749,505796.891559391,6016.36976277472,524940.227428523,1000
2020-07-26,"ESMC",1493898,142,0,0.406550648672287,0,NA,0.350073270591015,5229.73758789375,511026.629147284,6073.45200950232,531013.679438025,1000
2020-07-27,"ESMC",1493898,181,0,0.410619482465146,0,NA,0.355190980536242,5306.19095441131,516332.820101696,6134.23623615717,537147.915674182,1000
2020-07-28,"ESMC",1493898,156,0.65,0.414931258533907,1.014,0.257592592592592,0.360799890036026,5389.98234125039,521722.802442946,6198.64977261287,543346.565446795,1000
2020-07-29,"ESMC",1493898,138,0.73,0.419480528734972,1.0074,NA,0.366904110080557,5481.17316241124,527203.975605357,6266.61122916118,549613.176675956,1000
2020-07-30,"ESMC",1493898,134,0,0.424261844924745,0,NA,0.373507751660026,5579.8248318941,532783.800437251,6338.03921609387,555951.21589205,1000
2020-07-31,"ESMC",1493898,130,0.77,0.429269758959627,1.001,NA,0.380614925764623,5685.99876369919,538469.799200951,6412.85234370268,562364.068235753,1000
2020-08-01,"ESMC",1493898,119,0.85,0.43449882269602,1.0115,NA,0.388229743384538,5799.75637182675,544269.555572777,6490.96922227939,568855.037458032,1000
2020-08-02,"ESMC",1493898,155,0,0.439943587990327,0,NA,0.396356315509962,5921.15907027701,550190.714643054,6572.30846211574,575427.345920148,1000
2020-08-03,"ESMC",1493898,145,1.39,0.445598606698951,2.0155,NA,0.404998753131085,6050.26827305022,556240.982916105,6656.7886735035,582084.134593652,1000
2020-08-04,"ESMC",1493898,112,0,0.451458430678294,0,NA,0.414159901771372,6187.12648936449,562428.109405469,6744.32846673442,588828.463060386,1000
2020-08-05,"ESMC",1493898,127,1.57,0.457517611784758,1.9939,NA,0.423829288262853,6331.577260773,568759.686666242,6834.84645210026,595663.309512486,1000
2020-08-06,"ESMC",1493898,112,0,0.463770701874745,0,NA,0.433988464768624,6483.34499540918,575243.031661651,6928.26123989278,602591.570752379,1000
2020-08-07,"ESMC",1493898,127,0,0.470212252804659,0,NA,0.444618875738904,6642.15249228597,581885.184153937,7024.49144040374,609616.062192783,1000
2020-08-08,"ESMC",1493898,110,0,0.476836816430901,0,0.38786313750807,0.455701965623914,6807.72255041634,588692.906704354,7123.4556639249,616739.517856708,1000
2020-08-09,"ESMC",1493898,138,0.72,0.483638944609874,0.9936,NA,0.467219178873872,6979.7779688132,595672.684673167,7225.07252074801,623964.590377456,1000
2020-08-10,"ESMC",1493898,137,0,0.490613189197979,0,NA,0.479151959938999,7158.04154648951,602830.726219656,7329.26062116482,631293.850998621,1000
2020-08-11,"ESMC",1493898,129,0,0.497754062958232,0,NA,0.491481753269514,7342.23608245821,610172.962302115,7435.93799145176,638729.788990072,1000
2020-08-12,"ESMC",1493898,134,0.75,0.505054844980753,1.005,NA,0.504190003315636,7532.08437573223,617705.046677847,7545.00422807057,646274.793218143,1000
2020-08-13,"ESMC",1493898,118,0,0.512507360045107,0,NA,0.517258154527586,7727.30922532452,625432.355903171,7656.33720156665,653931.130419709,1000
2020-08-14,"ESMC",1493898,160,0,0.520103349335111,0,NA,0.530667651355583,7927.63343024802,633359.989333419,7769.81353365023,661700.94395336,1000
2020-08-15,"ESMC",1493898,125,0.81,0.527834554034579,1.0125,NA,0.544399938249845,8132.77978951568,641492.769122935,7885.3098460315,669586.253799391,1000
2020-08-16,"ESMC",1493898,156,1.28,0.535692715327328,1.9968,NA,0.558436459660595,8342.47110214043,649835.240225075,8002.70276042065,677588.956559812,1000
2020-08-17,"ESMC",1493898,132,0.76,0.543669574397173,1.0032,NA,0.572758660038049,8556.43016713521,658391.670392211,8121.86889852789,685710.82545834,1000
2020-08-18,"ESMC",1493898,118,0,0.551756872427931,0,NA,0.587348170472407,8774.38257172387,667166.052963934,8242.68488206341,693953.510340403,1000
2020-08-19,"ESMC",1493898,140,0,0.559946350603416,0,NA,0.60218803857453,8996.07506450414,676162.128028439,8365.02733273742,702318.537673141,1000
2020-08-20,"ESMC",1493898,139,2.19,0.568229750107445,3.0441,0.658837361201828,0.617261961671745,9221.26410017497,685383.392128614,8488.77287226012,710807.310545401,1000
2020-08-21,"ESMC",1493898,123,0,0.576598812123834,0,NA,0.632553640487595,9449.70618417137,694833.098312785,8613.79812234171,719421.108667742,1000
2020-08-22,"ESMC",1493898,143,0.71,0.585045277836397,1.0153,NA,0.648046775745621,9681.15782192832,704514.256134713,8739.97970469238,728161.088372435,1000
2020-08-23,"ESMC",1493898,146,0.69,0.593560888428952,1.0074,NA,0.663725068169367,9915.37551888081,714429.631653594,8867.19424102234,737028.282613457,1000
2020-08-24,"ESMC",1493898,154,0,0.602137385085313,0,NA,0.679572218482377,10152.1157804639,724581.747434058,8995.31835304179,746023.600966499,1000
2020-08-25,"ESMC",1493898,155,0.65,0.610766508989297,1.0075,NA,0.695571927408192,10391.1351121124,734972.88254617,9124.22866246092,755147.82962896,1000
2020-08-26,"ESMC",1493898,142,0.7,0.619440001324718,0.994,NA,0.711707895670356,10632.1900192615,745605.072565432,9253.80179098994,764401.63141995,1000
2020-08-27,"ESMC",1493898,152,1.34,0.62814988348344,2.0368,NA,0.727963823992411,10875.0370073461,756480.109572778,9383.91854636143,773785.549966311,1000
2020-08-28,"ESMC",1493898,145,0.69,0.636891569905745,1.0005,NA,0.744323413097901,11119.4325818013,767599.542154579,9514.51042499053,783300.060391302,1000
2020-08-29,"ESMC",1493898,150,0,0.645662730267663,0,NA,0.760770363710368,11365.1332480619,778964.675402641,9645.54261421402,792945.603005516,1000
2020-08-30,"ESMC",1493898,148,0.68,0.654461074920468,1.0064,NA,0.777288376553355,11611.895511563,790576.570914204,9776.98090901537,802722.583914531,1000
2020-08-31,"ESMC",1493898,126,1.59,0.663284314215431,2.0034,0.856426829268292,0.793861152350405,11859.4758777397,802436.046791944,9908.79110437804,812631.375018909,1000
2020-09-01,"ESMC",1493898,130,1.54,0.672130158503829,2.002,NA,0.810459816063835,12107.4429829813,814543.489774925,10040.9389952855,822672.314014195,1000
2020-09-02,"ESMC",1493898,132,0.76,0.680996318136934,1.0032,NA,0.827058709302286,12355.4135170927,826898.903292018,10173.3903767213,832845.704390916,1000
2020-09-03,"ESMC",1493898,122,0.82,0.689880503466019,1.0004,NA,0.843657602540737,12603.384051204,839502.287343222,10306.1110436688,843151.815434585,1000
2020-09-04,"ESMC",1493898,120,0.83,0.69878042484236,0.996,NA,0.860256495779188,12851.3545853154,852353.641928537,10439.0667911115,853590.882225696,1000
2020-09-05,"ESMC",1493898,124,0.81,0.707693792617229,1.0044,NA,0.876855389017639,13099.3251194267,865452.967047964,10572.2234140329,864163.105639729,1000
2020-09-06,"ESMC",1493898,149,0.67,0.7166183171419,0.9983,NA,0.89345428225609,13347.2956535381,878800.262701502,10705.5467074165,874868.652347146,1000
2020-09-07,"ESMC",1493898,127,0.79,0.725551708767647,1.0033,NA,0.910053175494541,13595.2661876494,892395.528889152,10839.0024662457,885707.654813391,1000
2020-09-08,"ESMC",1493898,114,0,0.734491677845745,0,NA,0.926652068732992,13843.2367217608,906238.765610912,10972.556485504,896680.211298895,1000
2020-09-09,"ESMC",1493898,130,0.77,0.743435934727466,1.001,NA,0.943250961971443,14091.2072558722,920329.972866785,11106.1745601749,907786.38585907,1000
2020-09-10,"ESMC",1493898,132,0.77,0.752382189764084,1.0164,NA,0.959849855209894,14339.1777899835,934669.150656768,11239.8224852419,919026.208344312,1000
2020-09-11,"ESMC",1493898,128,0.78,0.761328153306873,0.9984,NA,0.976448748448345,14587.1483240949,949256.298980863,11373.4660556883,930399.6744,1000
