"","X","date","p_cases","p_cases_recent","p_cases_smooth","p_cases_smooth_low","p_cases_smooth_high","p_cases_recent_smooth","p_cases_recent_smooth_low","p_cases_recent_smooth_high","p_daily","p_daily_smooth","p_active","p_active_smooth"
"1",1,"2020-03-22",0.00445443147950279,0,0.00880646520127055,0.00803168370326453,0.00958124669927657,1.14304098404039e-05,-0.000105063684580374,0.000127924504261182,0,0,0,0
"2",2,"2020-03-23",0.0039619052363929,0,0.00885168199324145,0.00808547907917536,0.00961788490730754,1.19913292590684e-05,-0.000108997453370309,0.000132980111888445,-0.00049252624310989,4.52167919708975e-05,-0.00049252624310989,4.52167919708975e-05
"3",3,"2020-03-24",0.00442946575291374,0,0.00889712620958958,0.0081394541652033,0.00965479825397586,1.25797744269079e-05,-0.000113064301040971,0.000138223849894787,0.00046756051652084,4.54442163481342e-05,-2.49657265890503e-05,9.06610083190318e-05
"4",4,"2020-03-25",0.00446811448375812,0,0.00894279619991557,0.00819360084269062,0.00969199155714053,1.31970961027702e-05,-0.000117267816007042,0.000143662008212582,3.86487308443803e-05,4.56699903259913e-05,1.368300425533e-05,0.000136330998645023
"5",5,"2020-03-26",0.00446811448375812,0,0.00898869026234298,0.00824791132686223,0.00972946919782374,1.38447113306913e-05,-0.000121611618428758,0.00014930104109014,0,4.58940624274116e-05,1.368300425533e-05,0.000182225061072435
"6",6,"2020-03-27",0.00446811448375812,0,0.00903480664284181,0.00830237854476719,0.00976723474091643,1.4524106692679e-05,-0.000126099354688963,0.000155147568074321,0,4.61163804988275e-05,1.368300425533e-05,0.000228341441571262
"7",7,"2020-03-28",0.00567069891126163,0,0.00908114353455436,0.00835699628733056,0.00980529078177815,1.52368417211187e-05,-0.000130734691251921,0.000161208374694158,0.00120258442750351,4.63368917125433e-05,0.00121626743175884,0.000274678333283805
"8",8,"2020-03-29",0.00776551068452071,0,0.00912769907712342,0.0084117590973073,0.00984363905693953,1.59845524786353e-05,-0.000135521307856545,0.000167490412813816,0.00209481177325908,4.65555425690628e-05,0.00331107920501792,0.000321233875852868
"9",9,"2020-03-30",0.00758436027241009,0,0.00917447122946172,0.00846666154821757,0.00988228091070587,1.67689553136267e-05,-0.000140462889993534,0.000174000800620787,-0.00018115041211062,4.67721523382987e-05,0.0031299287929073,0.000368006028191167
"10",10,"2020-03-31",0.0083363280270173,0,0.00922145635690852,0.00852169423608289,0.00992121847773416,1.75918508000932e-05,-0.000145563120612569,0.000180746822212755,0.00075196775460721,4.69851274468042e-05,0.00388189654751451,0.000414991155637971
"11",11,"2020-04-01",0.00828232218324136,0,0.00926864971103694,0.00857684493263632,0.00996045448943757,1.84551278708016e-05,-0.000150825671002144,0.000187735926743747,-5.40058437759408e-05,4.71933541284237e-05,0.00382789070373857,0.000462184509766395
"12",12,"2020-04-02",0.0081935283393116,0,0.00931604641339734,0.00863210158895286,0.00999999123784181,1.93607681532765e-05,-0.00015625419078086,0.000194975727087413,-8.87938439297596e-05,4.73967023603937e-05,0.00373909685980881,0.000509581212126789
"13",13,"2020-04-03",0.0081935283393116,0,0.00936364147236974,0.00868745291603729,0.0100398300287022,2.0310850518569e-05,-0.000161852296934963,0.000202473997972101,0,4.75950589723974e-05,0.00373909685980881,0.000557176271099186
"14",14,"2020-04-04",0.0081935283393116,0,0.00941142978194542,0.00874288867423612,0.0100799708896547,2.13075558532444e-05,-0.000167623561832699,0.000210238673539188,0,4.7788309575688e-05,0.00373909685980881,0.000604964580674874
"15",15,"2020-04-05",0.00803760435509082,0,0.0094594061205353,0.00879839967086877,0.0101204125702018,2.23531720655447e-05,-0.000173571500141497,0.000218277844272587,-0.00015592398422078,4.79763385898713e-05,0.00358317287558803,0.000652940919264745
"16",16,"2020-04-06",0.00803711345012556,0,0.00950756514871603,0.00885397739999702,0.010161152897435,2.34500993372153e-05,-0.000179699554569247,0.000226599753243678,-4.90904965259539e-07,4.81590281807328e-05,0.00358268197062277,0.000701099947445478
"17",17,"2020-04-07",0.00836017220238932,0,0.00955590133234636,0.00890961205874705,0.0102021906059457,2.46008556330535e-05,-0.000186011080345836,0.000235212791611944,0.000323058752263759,4.83361836303327e-05,0.00390574072288653,0.000749436131075811
"18",18,"2020-04-08",0.00772535418040497,0,0.00960440889018042,0.0089652912552144,0.0102435265251464,2.58080824808227e-05,-0.000192509328355712,0.000244125493317358,-0.00063481802198435,4.85075578340599e-05,0.00327092270090218,0.000797943688909871
"19",19,"2020-04-09",0.0128326763569256,0,0.00965308190497005,0.00902100249613691,0.0102851613138032,2.70745510348038e-05,-0.000199197426826563,0.00025334652889617,0.00510732217652063,4.86730147896339e-05,0.00837824487742281,0.000846616703699505
"20",20,"2020-04-10",0.0123724413210174,0,0.00970191433394372,0.00907673409132034,0.0103270945765671,2.84031684368992e-05,-0.000206078361473101,0.0002628846983469,-0.0004602350359082,4.88324289736677e-05,0.0084105360846245,0.000850232340702275
"21",21,"2020-04-11",0.0119337998389688,0,0.00975090000777011,0.00913247559848664,0.0103693244170536,2.9796984489893e-05,-0.000213154953988564,0.00027274892296835,-0.000438641482048599,4.89856738263919e-05,0.00750433408605506,0.000853773798180532
"22",22,"2020-04-12",0.0118457974034999,0,0.00980003262956044,0.00918821794918381,0.0104118473099371,3.12591986581854e-05,-0.000220429838769695,0.000282948236086066,-8.80024354689007e-05,4.91326217903296e-05,0.00737768291974178,0.000857236429644871
"23",23,"2020-04-13",0.0117980995243094,0,0.00984930577391091,0.00924395320376713,0.0104546583440547,3.2793167412069e-05,-0.000227905437753768,0.000293491772577906,-4.76978791904992e-05,4.92731443504681e-05,0.00732998504055128,0.000860615511567927
"24",24,"2020-04-14",0.0117551440208602,0,0.0098987132590516,0.00929967374243561,0.0104977527756676,3.44024119324121e-05,-0.00023558393323862,0.000304388757103444,-4.29555034492015e-05,4.94074851406928e-05,0.00728702953710208,0.000863906616209793
"25",25,"2020-04-15",0.0120500730656315,0,0.00994825042759164,0.00935537099018182,0.0105411298650015,3.60906261934244e-05,-0.000243467238548446,0.000315648490935295,0.000294929044771301,4.95371685400332e-05,0.00637937415436987,0.000867106893037282
"26",26,"2020-04-16",0.0121950846323144,0,0.00999791298590056,0.00941103612202126,0.0105847898497799,3.78616854420695e-05,-0.000251556966399656,0.000327280337283795,0.000145011566682901,4.96625583089258e-05,0.00442957394779369,0.000870213908777145
"27",27,"2020-04-17",0.0120818467143285,0,0.0100476965581376,0.00946666107298492,0.0106287320432902,3.97196550935824e-05,-0.000259854394811917,0.000339293704999081,-0.000113237917985901,4.97835722370159e-05,0.00449748644191841,0.000873225328675863
"28",28,"2020-04-18",0.0120254412770357,0,0.010097596685768,0.00952223914212461,0.0106729542294114,4.16688000635108e-05,-0.000268360430399891,0.000351698030526913,-5.64054372927999e-05,4.99001276304482e-05,0.0036891132500184,0.000876140328859507
"29",29,"2020-04-19",0.0119954218560613,0,0.010147608827112,0.00957776525254951,0.0107174524016745,4.37135945577076e-05,-0.000277075568871042,0.000364502757986457,-3.00194209744004e-05,5.00121413439802e-05,0.00371309967281994,0.000878959116075063
"30",30,"2020-04-20",0.0119954218560613,0,0.0101977283569131,0.00963323581309041,0.0107622209007357,4.58587323427388e-05,-0.000285999852543983,0.000377717317229461,0,5.01195298010532e-05,0.0038018935167497,0.000881681943515723
"31",31,"2020-04-21",0.0121244945201371,0,0.0102479506741884,0.00968864806667937,0.0108072532816975,4.81091375202901e-05,-0.000295132824690528,0.000391351099731108,0.0001290726640758,5.02223172753613e-05,0.0039309661808255,0.000884309201818687
"32",32,"2020-04-22",0.0121244945201371,0,0.0102982725726709,0.00974399838773392,0.0108525467576079,5.04699758302992e-05,-0.000304473480492431,0.000405413432153029,0,5.03218984824905e-05,0.0039309661808255,0.000886842790725489
"33",33,"2020-04-23",0.0122006328362695,0,0.0103486918620446,0.0097992822924963,0.0108981014315929,5.29466665087621e-05,-0.000314020214391032,0.000419913547408556,7.61383161323997e-05,5.04192893736616e-05,0.00416302848117868,0.000889285741509279
"34",34,"2020-04-24",0.0119235317737748,0,0.0103992063427165,0.00985449586210016,0.0109439168233328,5.55448947274337e-05,-0.000323770763594505,0.000434860553049373,-0.000277101062494699,5.05144806718944e-05,0.00388641832364924,0.000891641194000441
"35",35,"2020-04-25",0.011854372205141,0,0.010449813782448,0.00990963652304517,0.0109899910418509,5.82706246439726e-05,-0.000333722147493022,0.000450263396780967,-6.91595686338007e-05,5.06074397315526e-05,0.00349420000275168,0.000893912450101661
"36",36,"2020-04-26",0.011854372205141,0,0.0105005119162607,0.00996470344952514,0.0110363203829963,6.1130113092495e-05,-0.000343870602717069,0.000466130828902059,0,5.0698133812711e-05,0.00412901802473603,0.000896103026080312
"37",37,"2020-04-27",0.011854372205141,0,0.0105512984463464,0.0100196975445663,0.0110828993481264,6.41299239459547e-05,-0.000354211513558076,0.000482471361449985,0,5.07865300856444e-05,-0.0009783041517846,0.000898216541376323
"38",38,"2020-04-28",0.0118528788147064,0,0.0106021710491896,0.0100746209337315,0.0111297211646478,6.72769431833236e-05,-0.0003647393374536,0.000499293223820247,-1.49339043459956e-06,5.08726028432532e-05,-0.000519562506311,0.000900256715245908
"39",39,"2020-04-29",0.0117526437930418,0,0.0106531280241524,0.0101294750109618,0.0111767810373431,7.05783946961576e-05,-0.000375447525221418,0.000516604314613733,-0.0001002350216646,5.09569749628114e-05,-0.000181156045927,0.000902228016382327
"40",40,"2020-04-30",0.0119695511473071,0,0.0107041688252072,0.0101842589873545,0.01122407866306,7.40418568708295e-05,-0.000386328435707952,0.000534412149449611,0.0002169073542653,5.10408010547976e-05,0.000123753743807201,0.000904136195646795
"41",41,"2020-05-01",0.0120424778144161,0,0.0107552930304205,0.0102389721561962,0.0112716139046448,7.76752799844979e-05,-0.00039737324449648,0.000552723804465475,7.29266671089992e-05,5.11242052132575e-05,0.000244378290106699,0.000905987256509585
"42",42,"2020-05-02",0.0120394732666412,0,0.0108065002223135,0.0102936150026145,0.0113193854420124,8.14870044547345e-05,-0.000408571846299461,0.00057154585520893,-3.00454777489925e-06,5.12071918929661e-05,0.000284329245781001,0.000907786963261858
"43",43,"2020-05-03",0.0120394732666412,0,0.0108577899879419,0.0103481897602956,0.0113673902155883,8.54857799847154e-05,-0.000419912750637105,0.000590884310606536,0,5.12897656284803e-05,-1.05997989902993e-05,0.000909539560350305
"44",44,"2020-05-04",0.0120394732666412,0,0.0109091619189756,0.0104027005280092,0.0114156233099419,8.96807856479077e-05,-0.000431382970380692,0.000610744541676508,0,5.1371931033611e-05,-0.0001556113656732,0.00091124893307499
"45",45,"2020-05-05",0.0120394732666412,0,0.010960615611777,0.0104571528929038,0.0114640783306502,9.408165095837e-05,-0.000442967902714504,0.000631131204631244,0,5.14536928014012e-05,-4.23734476872988e-05,0.000912919053639376
"46",46,"2020-05-06",0.0120528532815609,0,0.0110121508549184,0.0105115524592825,0.0115127492505543,9.86984779750199e-05,-0.000454651202043949,0.000652048157993989,1.33800149196995e-05,5.15352431414602e-05,2.74120045252006e-05,0.000914554169150388
"47",47,"2020-05-07",0.011947122853249,0,0.0110637683543326,0.0105659016856447,0.0115616350230206,0.000103541864490622,-0.000466414644350082,0.000673498373331326,-0.0001057304283119,5.1617499414203e-05,-4.82990028122989e-05,0.000916159527220611
"48",48,"2020-05-08",0.0119418567994871,0,0.0111154691165891,0.0106202020892189,0.0116107361439592,0.00010862292835871,-0.000478237982461548,0.000695483839178968,-5.26605376189974e-06,5.17007622564333e-05,-5.35650565741987e-05,0.000917740759675991
"49",49,"2020-05-09",0.0119418567994871,0,0.0111672541790486,0.010674456109602,0.0116600522484951,0.000113953333014301,-0.000490098791684689,0.000718005457713292,0,5.17850624595067e-05,-0.000182637720649999,0.000919303504860136
"50",50,"2020-05-10",0.0120172243042289,0,0.0112191246099887,0.0107286678340034,0.0117095813859739,0.00011954531424697,-0.000501972305200244,0.000741062933694185,7.53675047418002e-05,5.18704309401125e-05,-0.000107270215908199,0.000920852037317758
"51",51,"2020-05-11",0.012008580207053,0,0.011271081508785,0.0107828432657876,0.0117593197517823,0.000125411708287755,-0.000513831238601644,0.000764654655177153,-8.64409717590137e-06,5.19568987963036e-05,-0.0001920526292165,0.0009223896467404
"52",52,"2020-05-12",0.012008580207053,0,0.0113231260060932,0.0108369900867034,0.011809261925483,0.000131565981274348,-0.000525645602914337,0.000788777565463033,0,5.20444973082564e-05,8.50484332781988e-05,0.000923919663376762
"53",53,"2020-05-13",0.012008580207053,0,0.0113752592904921,0.0108911166877468,0.0118594018932373,0.000138022260162229,-0.00053738250539879,0.000813427025723248,0,5.2133284398832e-05,0.000154208001912,0.000925445508044041
"54",54,"2020-05-14",0.01199275955142,0,0.0114274829904425,0.0109452284365025,0.0119097375443824,0.000144795365152681,-0.000549005937400961,0.000838596667706324,-1.5820655632999e-05,5.22236999504124e-05,0.000138387346279,0.000926971074181743
"55",55,"2020-05-15",0.0119885677412033,0,0.0114797990947409,0.0109993280722365,0.0119602701172454,0.000151900843712134,-0.000560476548473731,0.000864278235898,-4.1918102166999e-06,5.23161042984676e-05,0.000134195536062301,0.000928500648394566
"56",56,"2020-05-16",0.0119885677412033,0,0.0115322096466378,0.0110534188447259,0.0120110004485496,0.000159355006260924,-0.000571751405950775,0.000890461418472623,0,5.24105518968088e-05,0.0001356889264969,0.000930038597448122
"57",57,"2020-05-17",0.0119885677412033,0,0.0115847167356515,0.0111075054782454,0.0120619279930576,0.000167174963613388,-0.000582783739110637,0.000917133666337413,0,5.25070890137567e-05,0.0002359239481615,0.000931588711499067
"58",58,"2020-05-18",0.0120171602470843,0,0.0116373224978239,0.0111615946085305,0.0121130503871173,0.00017537866625525,-0.000593522667023796,0.000944279999534295,2.85925058809994e-05,5.2605762172404e-05,4.76090997771992e-05,0.000933153672616673
"59",59,"2020-05-19",0.0120171602470843,0,0.0116900291159781,0.0112156947017333,0.0121643635302229,0.00018398494554843,-0.000603912909128922,0.000971882800225782,0,5.27066181541924e-05,-2.53175673318e-05,0.000934736085557608
"60",60,"2020-05-20",0.0120171602470843,0,0.0117428388202979,0.0112698153944265,0.0122158622461693,0.000193013556957906,-0.000613894477537342,0.000999921591453153,0,5.28097043197995e-05,-2.23130195569007e-05,0.000936338597984442
"61",61,"2020-05-21",0.0120032287416448,0,0.0117957539268018,0.0113239644119681,0.0122675434416354,0.000202485225399792,-0.000623402350016171,0.00102837280081575,-1.39315054394993e-05,5.29151065038497e-05,-3.62445249964e-05,0.000937963938859811
"62",62,"2020-05-22",0.0120032287416448,0,0.0118487768749327,0.0113781450398213,0.0123194087100441,0.000212421692814803,-0.000632366122552627,0.00105720950818223,0,5.30229481309017e-05,-3.62445249964e-05,0.000939614955957102
"63",63,"2020-05-23",0.0120032287416448,0,0.0119019101627119,0.0114323602933765,0.0123714600320473,0.000222845768076237,-0.000640709640353788,0.00108640117650626,0,5.31332877792522e-05,-3.62445249964e-05,0.000941294550934953
"64",64,"2020-05-24",0.0120032287416448,0,0.0119551563385126,0.0114866144351091,0.0124236982419161,0.000233781379347087,-0.000648350606089845,0.00111591336478402,0,5.3246175800695e-05,-4.96245399160995e-05,0.000943005483594187
"65",65,"2020-05-25",0.0116546038763584,0,0.0120085180013566,0.0115409135957145,0.0124761224069986,0.000245253629006449,-0.000655200164145014,0.00114570742215791,-0.0003486248652864,5.33616628439655e-05,-0.0002925189768906,0.00094474964702395
"66",66,"2020-05-26",0.0116600877099558,0,0.0120619978012168,0.0115952658653677,0.0125287297370658,0.000257288851271305,-0.000661162459600928,0.00117574016214354,5.48383359740001e-06,5.34797998602062e-05,-0.0002817690895313,0.000946528684627723
"67",67,"2020-05-27",0.0116600877099558,0,0.0121155984393256,0.0116496808126702,0.012581516065981,0.000269914672645952,-0.000666134170644819,0.00120596351593672,0,5.36006381088479e-05,-0.0002817690895313,0.000948344260277064
"68",68,"2020-05-28",0.0116600877099558,0,0.0121693225831696,0.0117041675083656,0.0126344776579735,0.000283160075337848,-0.000670004013072147,0.00123632416374784,0,5.37241438439452e-05,-0.0003571365942731,0.000950197973180897
"69",69,"2020-05-29",0.0116600877099558,0,0.0122231724958501,0.0117587295385474,0.0126876154531529,0.000297055463785433,-0.000672652215545094,0.00126676314311596,0,5.38499126805803e-05,-0.000348492497097199,0.000952090987065174
"70",70,"2020-05-30",0.0116600877099558,0,0.0122771503322008,0.0118133686489563,0.0127409320154452,0.000311632734450623,-0.000673949964280359,0.00129721543318161,0,5.39778363506035e-05,-0.000348492497097199,0.000954024326107521
"71",71,"2020-05-31",0.0116600877099558,0,0.012331258287242,0.0118680875494068,0.0127944290250772,0.000326925349036234,-0.00067375881588041,0.00132760951395288,0,5.4107955041259e-05,-0.000348492497097199,0.000955998996749948
"72",72,"2020-06-01",0.0117475668206331,0,0.0123854985965394,0.011922890736585,0.0128481064564939,0.000342968411296335,-0.000671930077102866,0.00135786689969554,8.74791106773003e-05,5.42403092974285e-05,-0.0002451927307869,0.000958015606096964
"73",73,"2020-06-02",0.01189949048689,0,0.0124398735364708,0.0119777847731467,0.012901962299795,0.000359798747615913,-0.000668304150499506,0.00138790164573133,0.000151923666256899,5.43749399313734e-05,-8.90772543133012e-05,0.00096007444172987
"74",74,"2020-06-03",0.01189949048689,0,0.012494385424498,0.0120327779835525,0.0129559928654436,0.000377454991544765,-0.000662709845071738,0.00141761982816127,0,5.45118880272265e-05,-8.90772543133012e-05,0.000962175777860287
"75",75,"2020-06-04",0.0119800316060401,0,0.0125490365920131,0.012087879296221,0.0130101938878052,0.000395977672479696,-0.000654963651415671,0.00144691899637506,8.05411191501012e-05,5.46511675150393e-05,-8.53613516320004e-06,0.00096431985636157
"76",76,"2020-06-05",0.0123509518975399,0,0.0126038289312794,0.012143093097958,0.0130645647646008,0.000415409308698573,-0.000644868981313572,0.00147568759871072,0.0003709202914998,5.47923392663161e-05,0.000333791650455601,0.000966506433455482
"77",77,"2020-06-06",0.0121246313441072,0,0.0126587639578948,0.0121984196934855,0.0131191082223041,0.000435794504959811,-0.000632215372437059,0.00150380438235668,-0.000226320553432701,5.49350266154189e-05,0.0001074710970229,0.000968734841916709
"78",78,"2020-06-07",0.0121246313441072,0,0.0127138432005513,0.0122538598839525,0.0131738265171501,0.00045718005489129,-0.000616777659860525,0.0015311377696431,0,5.5079242656483e-05,0.0001074710970229,0.000971004380253392
"79",79,"2020-06-08",0.0121963236910696,0,0.01276906821407,0.0123094161136378,0.0132287203145023,0.000479615048403785,-0.000598315117590378,0.00155754521439795,7.16923469623997e-05,5.52250135187372e-05,0.000193094949424799,0.00097331428726828
"80",80,"2020-06-09",0.0126163683353082,0,0.0128244405795888,0.0123650929531329,0.0132837882060447,0.000503150984375428,-0.000576570575522519,0.00158287254427338,0.000420044644238601,5.53723655187417e-05,0.0006131395936634,0.00097566370465612
"81",81,"2020-06-10",0.0126163683353082,0,0.0128799619047509,0.0124208969868164,0.0133390268226854,0.000527841888865895,-0.000551269520496632,0.00160695329822842,0,5.55213251621518e-05,0.0006131395936634,0.000978051742039019
"82",82,"2020-06-11",0.0126163683353082,0,0.0129356338224451,0.0124768360510682,0.0133944315938221,0.000553744439131666,-0.000522119194968359,0.00162960807323169,0,5.56719176941847e-05,0.0006131395936634,0.000980477483932509
"83",83,"2020-06-12",0.0125714339593756,0,0.0129914577461027,0.0125329155123492,0.0134499999798562,0.000580918093727014,-0.000488807714145754,0.00165064390159978,-4.4934375932601e-05,5.58239236575862e-05,0.000916830083017199,0.00098293974474613
"84",84,"2020-06-13",0.012681789635176,0,0.0130474345881765,0.0125891348011513,0.0135057343752018,0.000609425228989413,-0.00045100323366478,0.0016698536916436,0.000110355675800399,5.59768420738405e-05,0.0010217019252202,0.000985436786959764
"85",85,"2020-06-14",0.012681789635176,0,0.013103565208097,0.0126454928649096,0.0135616375512844,0.000639331282222592,-0.000408353217400013,0.0016870157818452,0,5.61306199204706e-05,0.0010217019252202,0.000987966768771387
"86",86,"2020-06-15",0.0126028924115863,0,0.0131598504782205,0.012701990066057,0.013617710890384,0.000670704901906,-0.00036048388291503,0.00170189368672703,-7.88972235896985e-05,5.62852701235048e-05,0.0009428047016305,0.000990527895050946
"87",87,"2020-06-16",0.0126028924115863,0,0.0132162912839298,0.0127586288861144,0.0136739536817451,0.000703618105275374,-0.00030699994755941,0.00171423615811016,0,5.64408057092628e-05,0.0009428047016305,0.000993118788079629
"88",88,"2020-06-17",0.0126028924115863,0,0.0132728885237345,0.0128154140207587,0.0137303630267103,0.000738146443636241,-0.00024748487439943,0.00172377776167191,0,5.6597239804718e-05,0.0009428047016305,0.000995738191533743
"89",89,"2020-06-18",0.0125430194667873,0,0.0133296431093729,0.0128723518262451,0.0137869343925006,0.000774369175789742,-0.000181501948593212,0.0017302403001727,-5.98729447990002e-05,5.67545856383581e-05,0.0008829317568315,0.000998384822130842
"90",90,"2020-06-19",0.0124611693511148,0,0.0133865557922506,0.0129294480566709,0.0138436635278303,0.000812369449968916,-0.000108596749399547,0.00173333564933738,-8.18501156725007e-05,5.69126828777397e-05,0.000713602530481699,0.00100105719571115
"91",91,"2020-06-20",0.0124611693511148,0,0.0134436263157901,0.0129867015683941,0.0139005510631862,0.000852234494703063,-2.83020182460897e-05,0.00173277100765222,0,5.7070523539527e-05,0.000561678864224801,0.00100375277931931
"92",92,"2020-06-21",0.0124611693511148,0,0.0135008540464199,0.0130441087036727,0.0139575993891671,0.000894055819048311,5.98532326073914e-05,0.00172825840548923,0,5.72277306298014e-05,0.000561678864224801,0.00100646862192188
"93",93,"2020-06-22",0.0120159087845273,0,0.0135582383369367,0.0131016668962332,0.0140148097776401,0.000937929422644002,0.000156326803677078,0.00171953204161093,-0.0004452605665875,5.73842905167311e-05,3.58771784871991e-05,0.00100920174492357
"94",94,"2020-06-23",0.0120159087845273,0,0.0136157785269293,0.0131593756181613,0.0140721814356973,0.000983956016077082,0.000261531288681706,0.00170638074347246,0,5.75401899926484e-05,-0.000335043113012601,0.00101194959564991
"95",95,"2020-06-24",0.0120159087845273,0,0.0136734739426996,0.0132172367009717,0.0141297111844276,0.00103224125206035,0.000375771017906466,0.00168871148621423,0,5.769541577034e-05,-0.0001087225595799,0.00101470998480483
"96",96,"2020-06-25",0.0120159087845273,0,0.013731323897183,0.013275253993425,0.014187393800941,0.00108289596795518,0.000499110379244084,0.00166668155666628,0,5.78499544833331e-05,-0.0001087225595799,0.00101748069663168
"97",97,"2020-06-26",0.012333165675477,0,0.0137893276313818,0.0133334320516079,0.0142452232111556,0.00113603644019551,0.000631076657600484,0.00164099622279054,0.000317256890949701,5.8003734198786e-05,0.000136841984407401,0.00102025941731173
"98",98,"2020-06-27",0.012333165675477,0,0.013847483200248,0.0133917696009023,0.0143031967995936,0.00119178465119698,0.000769923146901323,0.00161364615549263,0,5.8155568866191e-05,-0.0002832026598312,0.00102304262065918
"99",99,"2020-06-28",0.0126376192168104,0.00140225944398968,0.0139057875400618,0.0134502597381367,0.014361315341987,0.0012503027635253,0.000910579445274215,0.00159002608177638,0.0003044535413334,5.83043398138926e-05,2.12508815021998e-05,0.00102582563531092
"100",100,"2020-06-29",0.0126376192168104,0.00140225944398968,0.0139642374936468,0.0135088960433236,0.0144195789439699,0.00131454467838487,0.00104214764881963,0.00158694170795011,0,5.84499535849423e-05,2.12508815021998e-05,0.00102860367120167
"101",101,"2020-06-30",0.0126376192168104,0.00140225944398968,0.0140228298500542,0.0135676739618466,0.0144779857382618,0.00138852238772229,0.00116126223486007,0.00161578254058452,0,5.85923564073824e-05,6.61852574348008e-05,0.00103137210395147
"102",102,"2020-07-01",0.0128734549083143,0.00140225944398968,0.0140815613442465,0.013626591371823,0.0145365313166701,0.00147583091502337,0.00126824883868316,0.00168341299136357,0.000235835691503899,5.87314941923583e-05,0.000191665273138301,0.00103412675606999
"103",103,"2020-07-02",0.0128828428989603,0.00140681184937654,0.0141404286567881,0.0136856484743558,0.0145952088392204,0.00158093971552167,0.00137404495229562,0.00178783447874772,9.38799064600059e-06,5.88673125415801e-05,0.000201053263784301,0.0010368634486911
"104",104,"2020-07-03",0.0128828428989603,0.00140681184937654,0.0141994284118622,0.0137448469529081,0.0146540098708163,0.00170810197622915,0.00149919103742325,0.00191701291503504,0,5.89997550740871e-05,0.000279950487374,0.00103957793364168
"105",105,"2020-07-04",0.0137424090166352,0.00132590244934052,0.0142585567564952,0.0138041856347648,0.0147129278782257,0.00185284744861338,0.00164398116079448,0.00206171373643228,0.0008595661176749,5.9128344633029e-05,0.0011395166050489,0.00104226547256545
"106",106,"2020-07-05",0.0139939314486401,0.00247862726263473,0.0143178087958159,0.0138636558009439,0.014771961790688,0.00200443452740181,0.00179135599500461,0.00221751305979902,0.000251522432004899,5.92520393207091e-05,0.0013910390370538,0.00104492027208144
"107",107,"2020-07-06",0.0139939314486401,0.00247862726263473,0.0143771794175484,0.0139232479309809,0.014831110904116,0.00214816309911096,0.0019259351888138,0.00237039100940812,0,5.93706217325088e-05,0.0014509119818528,0.00104753630817559
"108",108,"2020-07-07",0.0139939314486401,0.0023912857058873,0.014436663427859,0.0139829540686538,0.0148903727870642,0.00226614760941537,0.0020420494736204,0.00249024574521034,0,5.94840103105686e-05,0.0015327620975253,0.00105010763560842
"109",109,"2020-07-08",0.0139976395913627,0.00238900965240198,0.0144962555509823,0.0140427686505756,0.014949742451389,0.00235025046045854,0.00213362820501939,0.00256687271589769,3.7081427225992e-06,5.95921231232744e-05,0.0015364702402479,0.00105262923519216
"110",110,"2020-07-09",0.0141042523315397,0.00238616445533444,0.0145559504288669,0.014102688647992,0.0150092122097418,0.00240397719425803,0.00218968257366589,0.00261827181485017,0.000106612740177,5.96948778846633e-05,0.0016430829804249,0.00105509638244703
"111",111,"2020-07-10",0.0141042523315397,0.00238616445533444,0.0146157426208405,0.0141627129781406,0.0150687722635405,0.00243323980103041,0.00221199766507958,0.00265448193698123,0,5.9792191973591e-05,0.0020883435470124,0.00105750428390389
"112",112,"2020-07-11",0.0141042523315397,0.00238616445533444,0.014675626522177,0.0142228401536618,0.0151284128906922,0.00244524555535484,0.0022213663562633,0.00266912475444639,0,5.98839013364692e-05,0.0020883435470124,0.00105984799524771
"113",113,"2020-07-12",0.0141712732755215,0.00238731478063524,0.0147355959195232,0.0142830613407353,0.0151881304983112,0.00244584876134493,0.00223039723404055,0.00266130028864931,6.70209439817999e-05,5.9969397346234e-05,0.0021553644909942,0.0010621219768236
"114",114,"2020-07-13",0.0141684671160393,0.00238740662707686,0.0147956442977684,0.0143433646977016,0.0152479238978351,0.00243741817772509,0.00222673365267835,0.00264810270277183,-2.80615948219931e-06,6.00483782451106e-05,0.002152558331512,0.00106432040058538
"115",115,"2020-07-14",0.0141684671160393,0.00238740662707686,0.0148557650442345,0.0144037395097729,0.0153077905786961,0.00242200929780981,0.0022052853659695,0.00263873322965012,0,6.01207464661184e-05,0.0018353014405623,0.00106643741285271
"116",116,"2020-07-15",0.0141684671160393,0.00238740662707686,0.0149159514489258,0.0144641772908305,0.0153677256070211,0.00240170060693062,0.00217942830251332,0.00262397291134791,0,6.01864046913363e-05,0.0018353014405623,0.00106846824867786
"117",117,"2020-07-16",0.0141684671160393,0.00238740662707686,0.0149761967042943,0.0145246721887567,0.015427721219832,0.00237798232660248,0.00216216114599149,0.00259380350721347,0,6.02452553685393e-05,0.0015308478992289,0.0010704091642325
"118",118,"2020-07-17",0.0141052331109042,0.00238463963301455,0.0150364939050359,0.014585220656289,0.0154877671537828,0.00234993440574144,0.00214087198920061,0.00255899682228228,-6.32340051350995e-05,6.02972007415388e-05,0.0014676138940938,0.0010722564113891
"119",119,"2020-07-18",0.0141052331109042,0.00238463963301455,0.0150968360088601,0.0146458201063942,0.015547851911326,0.00231608045855477,0.00210338706340656,0.00252877385370298,0,6.03421038242319e-05,0.0014676138940938,0.00107400615880595
"120",120,"2020-07-19",0.0134053032221544,0.00232551670317203,0.015157214972876,0.0147064620011598,0.0156079679445923,0.00227507517344685,0.00205571748530126,0.00249443286159243,-0.000699929888749801,6.03789640158964e-05,0.000531848313840099,0.00107565362862949
"121",121,"2020-07-20",0.013908124726649,0.00227378910466104,0.0152176217355097,0.0147671314414315,0.015668112029588,0.00222622677065776,0.00201127799201558,0.00244117554929993,0.000502821504494601,6.04067626337242e-05,0.0010252818276887,0.00107719307872163
"122",122,"2020-07-21",0.0129239045662649,0.00213771483192532,0.0152780470680075,0.0148278138992147,0.0157282802368002,0.00217406987896505,0.00196851204392037,0.00237962771400972,-0.000984220160384101,6.04253324977353e-05,4.1061667304599e-05,0.00107861865614528
"123",123,"2020-07-22",0.01158933445871,0.00210783894294969,0.0153384816132842,0.0148884968114928,0.0157884664150755,0.00212580502833315,0.00192119557664577,0.00233041448002054,-0.0013345701075549,6.04345452766865e-05,-0.0021530745579252,0.00107992485678894
"124",124,"2020-07-23",0.0118742858582813,0.00211429726070099,0.015398915885927,0.0149491702549478,0.0158486615169063,0.00208806177884425,0.00187757638263499,0.00229854717505351,0.0002849513995713,6.04342726428699e-05,-0.0021196455903588,0.0010811070901111
"125",125,"2020-07-24",0.0136452250399535,0.00208175262649171,0.0154593402722559,0.0150098268901276,0.0159088536543842,0.00206702262540468,0.00185672742452865,0.00227731782628071,0.0017709391816722,6.04243863288594e-05,-0.000348706408686601,0.00108216085470745
"126",126,"2020-07-25",0.0132378329346131,0.00202491024714236,0.0155197450299411,0.0150704611240595,0.0159690289358226,0.00206663157576011,0.00186436391644785,0.00226889923507237,-0.000407392105340399,6.04047576851889e-05,-0.000756098514027,0.00108308160208207
"127",127,"2020-07-26",0.0152493010826275,0.00204997243622405,0.0155801200869958,0.0151310648490881,0.0160291753249035,0.00208836675388259,0.00188884123718309,0.00228789227058209,0.0020114681480144,6.03750570547512e-05,0.0012516614912648,0.00108386453601354
"128",128,"2020-07-27",0.0164759149932771,0.00203808251768628,0.0156404547293165,0.0151916221604062,0.0160892872982268,0.00213424504256662,0.00192726385802531,0.00234122622710794,0.0012266139106496,6.03346423206867e-05,0.0023716626617374,0.00108450430044957
"129",129,"2020-07-28",0.0164698700212906,0.00198079204152064,0.0157007380245955,0.0152521161151119,0.0161493599340791,0.00220720655684346,0.00199274634896032,0.0024216667647266,-6.04497198650189e-06,6.02832952789623e-05,0.0023656176897509,0.00108499540375494
"130",130,"2020-07-29",0.0173395602673993,0.00244830248921839,0.0157609589012522,0.0153125313454028,0.0162093864571016,0.00230833601508327,0.00209679511641399,0.00251987691375254,0.000869690246108702,6.02208766566914e-05,0.0032353079358596,0.00108533237907516
"131",131,"2020-07-30",0.0172451767620059,0.00242531299559798,0.0158211061489025,0.0153728549925647,0.0162693573052404,0.00243025602814829,0.00222210478408431,0.00263840727221226,-9.43835053934007e-05,6.01472476503447e-05,0.0030739034864844,0.00108551022937927
"132",132,"2020-07-31",0.0174605928714611,0.00240877230163323,0.0158811684189045,0.0154330769258398,0.0163292599119691,0.00256237677078128,0.00234665691189037,0.00277809662967219,0.000215416109455201,6.0062270001944e-05,0.0032921257554218,0.00108552412113611
"133",133,"2020-08-01",0.0157169033451603,0.00292441757038224,0.0159411342249811,0.0154931892036731,0.0163890792462892,0.00269161483110929,0.00246364668875158,0.00291958297346699,-0.0017436895263008,5.99658060766901e-05,0.001548436229121,0.00108536918074668
"134",134,"2020-08-02",0.0146435850844153,0.0029119911575964,0.0160009920971129,0.0155531840445248,0.0164488001497009,0.00280351498751707,0.00257651878485175,0.00303051119018239,-0.001073318260745,5.98578721317453e-05,0.000475117968376,0.00108504064818709
"135",135,"2020-08-03",0.0150550900832941,0.00289908881938788,0.0160607315232856,0.0156130479263001,0.0165084151202712,0.00289099856577547,0.00267213766500659,0.00310985946654435,0.000411504998878799,5.97394261727321e-05,0.000886622967254799,0.00108453481899128
"136",136,"2020-08-04",0.0155303006645084,0.00288568268039028,0.0161203423489208,0.0156727646307159,0.0165679200671257,0.00295104563939488,0.0027298653849672,0.00317222589382257,0.000475210581214301,5.96108256351383e-05,0.0014250675536042,0.00108384844388488
"137",137,"2020-08-05",0.0159037810410945,0.00293008768042961,0.0161798143123772,0.0157323189870312,0.0166273096377233,0.00298137938929851,0.00274951609201145,0.00321324268658557,0.000373480376586102,5.94719634564589e-05,0.0017985479301903,0.00108297830351711
"138",138,"2020-08-06",0.0162054460836039,0.00299085266758078,0.0162391370439344,0.0157916980407695,0.0166865760470994,0.00298079712972386,0.00274978642143489,0.00321180783801282,0.000301665042509398,5.93227315572181e-05,0.0028001428614495,0.00108192207105843
"139",139,"2020-08-07",0.0162272473126167,0.00299085266758078,0.0162983000667119,0.0158508915275952,0.0167457086058286,0.00295321336365745,0.00273387760452788,0.00317254912278703,2.18012290128002e-05,5.91630227774823e-05,0.0023191225859677,0.00108067833120219
"140",140,"2020-08-08",0.0168490364582906,0.00297825422219187,0.0163572927976508,0.0159098916216891,0.0168046939736125,0.00290700935628172,0.00269024424652801,0.00312377446603543,0.000621789145673901,5.899273093889e-05,0.0039251318920257,0.00107924572964334
"141",141,"2020-08-09",0.0191094433243533,0.00300078902147581,0.0164161045972347,0.0159686918157007,0.0168635173787688,0.00285069478075475,0.00262543804060972,0.00307595152089978,0.0022604068660627,5.88117995839292e-05,0.0075201088656433,0.00107762298395058
"142",142,"2020-08-10",0.0175006150350688,0.002637409928071,0.0164747260299723,0.0160272825400613,0.0169221695198832,0.00279234673699519,0.00256517322829083,0.00301952024569955,-0.0016088282892845,5.86214327375212e-05,0.0056263291767875,0.00107581014404523
"143",143,"2020-08-11",0.0178260235374272,0.002637409928071,0.0165331490002116,0.0160856502707581,0.016980647729665,0.00273788122193031,0.00252163452461551,0.00295412791924512,0.000325408502358401,5.8422970239301e-05,0.0041807984974737,0.00107380872795568
"144",144,"2020-08-12",0.0178260235374272,0.002637409928071,0.0165913654214054,0.0161437818006311,0.0170389490421798,0.00268967287655321,0.00247923611202578,0.00290010964108065,0,5.82164211938747e-05,0.0045881906028141,0.00107162039146436
"145",145,"2020-08-13",0.0178260235374272,0.002637409928071,0.0166493671464216,0.0162016657248858,0.0170970685679573,0.00264958201589789,0.00243221240944429,0.00286695162235148,0,5.80017250161428e-05,0.0025767224547997,0.00106924705942575
"146",146,"2020-08-14",0.0178260235374272,0.002637409928071,0.0167071459684908,0.0162592931330979,0.0171549988038837,0.00261939959325961,0.00239539067508837,0.00284340851143085,0,5.77788220692196e-05,0.0013501085441501,0.00106669123917429
"147",147,"2020-08-15",0.0179301895605534,0.00263474946243249,0.0167646936221882,0.0163166576199537,0.0172127296244226,0.00260030555420446,0.00238310630352998,0.00281750480487893,0.000104166023126202,5.75476536973686e-05,0.0014603195392628,0.00106395559759269
"148",148,"2020-08-16",0.0181931582966512,0.00261521968592149,0.0168220017857283,0.0163737545806096,0.0172702489908471,0.0025907350287796,0.00238133768570669,0.00280013237185252,0.0002629687360978,5.73081635401734e-05,0.0008535980292519,0.00106104288447617
"149",149,"2020-08-17",0.0187289344790822,0.00260021933984969,0.016879063012428,0.0164305787834286,0.0173275472414274,0.00258843541251017,0.002374746887895,0.00280212393712535,0.000535776182430999,5.70612266996527e-05,0.0014837577170763,0.00105795686352548
"150",150,"2020-08-18",0.0187289344790822,0.00260021933984969,0.0169358723953157,0.0164871213265399,0.0173846234640914,0.00259123685094988,0.00236795999877214,0.00281451370312761,0,5.68093828876674e-05,0.0012683416076211,0.00105470397641121
"151",151,"2020-08-19",0.0188403455882092,0.00259710559576772,0.0169924254636716,0.0165433727239008,0.0174414782034424,0.00259702049753346,0.00237572353727615,0.00281831745779077,0.000111411109127001,5.6553068355919e-05,0.0031234422430489,0.00105129123869043
"152",152,"2020-08-20",0.0194800623815291,0.00256008739859009,0.0170487177457572,0.0165993247908868,0.0174981107006275,0.0026039034409329,0.0023916252528704,0.00281618162899539,0.000639716793319898,5.629228208558e-05,0.0048364772971138,0.00104772564864427
"153",153,"2020-08-21",0.0194800623815291,0.00256008739859009,0.0171047447693413,0.0166549715066725,0.01755451803201,0.00261014404153517,0.00239741162409328,0.00282287645897706,0,5.60270235841105e-05,0.004424972298235,0.00104401324605565
"154",154,"2020-08-22",0.0201177076313337,0.00264637278445427,0.0171605020622303,0.0167103092476403,0.0176106948768204,0.00261398747885944,0.00239159566656506,0.00283637929115383,0.0006376452498046,5.57572928890464e-05,0.0045874069668253,0.00104015971330956
"155",155,"2020-08-23",0.0190707237611091,0.00264111845892307,0.0172159851528013,0.0167653363646267,0.0176666339409759,0.00261369731842667,0.00238928675190243,0.00283810788495091,-0.0010469838702246,5.54830905709937e-05,0.0031669427200146,0.00103617084042409
"156",156,"2020-08-24",0.0194554853488864,0.00262890004621472,0.0172711898594231,0.0168200517894473,0.0177223279293989,0.00260868168733012,0.00239367542860512,0.00282368794605512,0.0003847615877773,5.52047066217469e-05,0.0032500392652825,0.00103205281548862
"157",157,"2020-08-25",0.0194554853488864,0.00262890004621472,0.017326114281422,0.016874451579134,0.01777777698371,0.00259996051266229,0.00238862962737457,0.00281129139795001,0,5.49244219989614e-05,0.0032282380362697,0.0010278142147101
"158",158,"2020-08-26",0.0194554853488864,0.00262890004621472,0.0173807576308026,0.0169285301590064,0.0178329851025987,0.00258867807938161,0.00236956800698344,0.00280778815177978,0,5.46433493805558e-05,0.0026064488905958,0.00102346483315176
"159",159,"2020-08-27",0.0190552102875498,0.00253266246661557,0.0174351191741002,0.0169822827284507,0.0178879556197497,0.0025759696053114,0.00235150224824716,0.00280043696237564,-0.000400275061336601,5.43615432976284e-05,-5.4233036803502e-05,0.00101901457686546
"160",160,"2020-08-28",0.0190552102875498,0.00253266246661557,0.0174891982259958,0.0170357062524937,0.0179426901994979,0.00256290205841033,0.00234630571768116,0.00277949839913949,0,5.40790518956218e-05,0.001554595252481,0.00101447219602356
"161",161,"2020-08-29",0.0190552102875498,0.00253266246661557,0.0175429941492437,0.017088799872738,0.0179971884257494,0.00255036319655589,0.00234056877053805,0.00276015762257373,0,5.37959232478347e-05,0.0012291867501226,0.0010098451490321
"162",162,"2020-08-30",0.019069456188375,0.00253243990057248,0.0175965063545916,0.0171415647221915,0.0180514479869916,0.00253919260497974,0.00232423568959754,0.00275414952036195,1.42459008252022e-05,5.35122053479005e-05,0.0012434326509478,0.00100514093318612
"163",163,"2020-08-31",0.019069456188375,0.00253243990057248,0.0176497343296963,0.0171940030640905,0.0181054655953021,0.00253021652600864,0.00230720372670234,0.00275322932531493,0,5.32279751047152e-05,0.0012434326509478,0.0010003671832747
"164",164,"2020-09-01",0.019069456188375,0.00253243990057248,0.0177026785258899,0.0172461151053888,0.0181592419463909,0.00252413405761403,0.00230540968408253,0.00274285843114552,0,5.29441961935918e-05,0.0012434326509478,0.000995532557399068
"165",165,"2020-09-02",0.019069456188375,0.00253243990057248,0.0177553405344976,0.0172978980545884,0.0182127830144068,0.00252073300322611,0.00231056601241894,0.00273089999403329,0,5.26620086076859e-05,0.0011392666278216,0.000990646912309386
"166",166,"2020-09-03",0.0193031471962469,0.00252089197297616,0.0178077220804803,0.017349349293613,0.0182660948673475,0.00251939049075231,0.00230728127345518,0.00273149970804944,0.000233691007871899,5.2381545982725e-05,0.0011099888995957,0.000985720294751937
"167",167,"2020-09-04",0.0193396839857227,0.00251908573114116,0.0178598249605316,0.0174004675700386,0.0183191823510245,0.00251948889798124,0.00229808786022813,0.00274088993573435,3.65367894758009e-05,5.21028800512732e-05,0.000610749506640501,0.000980761948103558
"168",168,"2020-09-05",0.0193396839857227,0.00251908573114116,0.0179116510426244,0.0174512535446049,0.018372048540644,0.00252041867894586,0.00229891102132433,0.00274192633656739,0,5.18260820928686e-05,0.000610749506640501,0.000975778647308759
"169",169,"2020-09-06",0.0193396839857227,0.00251908573114116,0.0179632022655539,0.0175017097995295,0.0184246947315782,0.00252168228064716,0.00230924351646304,0.00273412104483128,0,5.15512229294496e-05,0.0004993383975135,0.000970776801882289
"170",170,"2020-09-07",0.0193396839857227,0.00251908573114116,0.0180144806386907,0.0175518402929382,0.0184771209844432,0.00252289308754753,0.00231218344751276,0.00273360272758231,0,5.12783731368496e-05,-0.000140378395806398,0.000965762892933559
"171",171,"2020-09-08",0.0193396839857227,0.00251908573114116,0.0180654885841208,0.0176016483700888,0.0185293287981528,0.00252366864013017,0.00230431175452127,0.00274302552573906,0,5.10079454300767e-05,-0.000140378395806398,0.000960743814779525
"172",172,"2020-09-09",0.0203382640581001,0.0025250296291505,0.0181162296375878,0.0176511339614207,0.018581325313755,0.00252362243023288,0.00230002315426883,0.00274722170619694,0.000998580072377398,5.07410534670086e-05,0.0002205564267664,0.000955727575357487
"173",173,"2020-09-10",0.0205105583650559,0.00252267829302622,0.0181667076157825,0.0177002963722081,0.0186331188593568,0.00252167199618163,0.00230596001011,0.00273738398225326,0.000172294306955801,5.0477978194647e-05,0.0014398346039468,0.000950722462981141
"174",174,"2020-09-11",0.0207040912126525,0.00249711217802411,0.0182169264212448,0.0177491358750783,0.0186847169674113,0.0025152344493982,0.00230426864498395,0.00272620025381246,0.0001935328475966,5.02188054623612e-05,0.0012486058637661,0.000945736561821755
"175",175,"2020-09-12",0.0207040912126525,0.00249711217802411,0.0182668900416638,0.0177976543598459,0.0187361257234817,0.0025015745101223,0.00228401887931308,0.00271913014093151,0,4.99636204190253e-05,0.0012486058637661,0.000940775760241819
"176",176,"2020-09-13",0.0203378456235335,0.00243649828907705,0.0183166025491807,0.0178458554956924,0.018787349602669,0.00247806640192998,0.0022539723920385,0.00270216041182146,-0.000366245589119001,4.97125075168761e-05,0.000882360274647099,0.000935844918378139
"177",177,"2020-09-14",0.0208291829075897,0.0024310263656022,0.0183660680996963,0.0178937443961849,0.0188383918032077,0.00244306782029703,0.00222550261676271,0.00266063302383134,0.0004913372840562,4.946555051559e-05,0.0017739726200399,0.000930948925596101
"178",178,"2020-09-15",0.0208797460723035,0.00242723193354727,0.0184152910204366,0.0179413265135835,0.0188892555272896,0.00239909278621098,0.00218956388546636,0.00260862168695559,5.05631647138016e-05,4.9222920740246e-05,0.0018245357847537,0.000926092794440725
"179",179,"2020-09-16",0.0203452614189262,0.00253887410418185,0.0184642764921287,0.0179886044929025,0.0189399484913549,0.00234983602837405,0.00213782595456373,0.00256184610218437,-0.000534484653377302,4.89854716921104e-05,0.0012900511313764,0.000921282342885001
"180",180,"2020-09-17",0.0203452614189262,0.00253887410418185,0.018513030183879,0.0180355793566741,0.0189904810110839,0.00229877892830779,0.00208029272139359,0.00251726513522199,0,4.87536917503154e-05,0.0012758052305512,0.000916523829287415
"181",181,"2020-09-18",0.0194107026522454,0.00205465412919628,0.0185615578622568,0.0180822527010951,0.0190408630234184,0.00224923891014162,0.0020346513131057,0.00246382650717754,-0.000934558766680801,4.85276783778014e-05,0.000341246463870397,0.000911823532560502
"182",182,"2020-09-19",0.0194107026522454,0.00205465412919628,0.0186098653872225,0.0181286274315311,0.019091103342914,0.00220556989058019,0.0020004967957727,0.00241064298538768,0,4.83075249657523e-05,0.000341246463870397,0.000907186861332662
"183",183,"2020-09-20",0.0194107026522454,0.00205465412919628,0.018657958711331,0.018174708045341,0.0191412093773211,0.00217272438550637,0.00196876265268627,0.00237668611832647,0,4.80933241085169e-05,0.000341246463870397,0.000902618176833493
"184",184,"2020-09-21",0.020178531079945,0.00214291246807928,0.0187058438789502,0.0182205004663012,0.0191911872915993,0.00215547338346486,0.00194450210718931,0.00236644465974041,0.000767828427699603,4.78851676191765e-05,0.000875383883698101,0.000898121798469945
"185",185,"2020-09-22",0.0207219064101719,0.00219464667737139,0.0187535270328705,0.0182660113844638,0.0192410426812772,0.00215860958945986,0.00194552030262415,0.00237169887629557,0.0005433753302269,4.76831539202374e-05,0.0013822224244492,0.000893702072338909
"186",186,"2020-09-23",0.0207219064101719,0.00219464667737139,0.0188010146833186,0.0183112456927026,0.0192907836739346,0.00218274418460847,0.00197619491905747,0.00238929345015947,0,4.74876504481074e-05,0.0013822224244492,0.000889363640694148
"187",187,"2020-09-24",0.0207219064101719,0.00219464667737139,0.0188483137878896,0.018356205642665,0.0193404219331142,0.00222183313622986,0.00201740158999801,0.0024262646824617,0,4.72991045710643e-05,0.0013822224244492,0.000885111522335762
"188",188,"2020-09-25",0.0207219064101719,0.00219464667737139,0.0188954314226182,0.0184008935853926,0.0193899692598437,0.00226915132602685,0.00205666464752393,0.00248163800452977,0,4.71176347285295e-05,0.0013822224244492,0.000880950783927442
"189",189,"2020-09-26",0.0207219064101719,0.00219464667737139,0.0189423747582621,0.018445312885305,0.0194394366312192,0.00231751480976471,0.00209788366894246,0.00253714595058696,0,4.69433356439369e-05,0.0013822224244492,0.000876886174141302
"190",190,"2020-09-27",0.0216705840965327,0.00256011636732474,0.0189891510595752,0.0184894682984515,0.0194888338206989,0.00236204151120776,0.00214810643488673,0.00257597658752879,0.0009486776863608,4.67763013130597e-05,0.0013323200384326,0.000872921421987354
"191",191,"2020-09-28",0.0210783726613784,0.00261574290994404,0.0190357676846049,0.0185333659428111,0.0195381694263987,0.00240766413457232,0.00220080578279213,0.00261452248635251,-0.0005922114351543,4.66166250297773e-05,0.000567814296322501,0.000869060068822484
"192",192,"2020-09-29",0.0210783726613784,0.00261574290994404,0.0190822320840583,0.0185770128609374,0.0195874513071791,0.00246195140360631,0.00225107883967449,0.00267282396753813,0,4.64643994533276e-05,0.000374281448725901,0.00086530566281345
"193",193,"2020-09-30",0.0210783726613784,0.00261574290994404,0.0191285520013325,0.0186204155624799,0.0196366884401852,0.00253320344007931,0.00231266138825355,0.00275374549190508,0,4.63199172742804e-05,0.000374281448725901,0.000861661959668705
"194",194,"2020-10-01",0.0211646966230077,0.00261448926611844,0.0191747359408306,0.0186635778769801,0.019685894004681,0.00262977131368753,0.00241011349491524,0.00284942913245981,8.63239616292998e-05,4.61839394980366e-05,0.000826850999474202,0.000858133391649866
"195",195,"2020-10-02",0.0211300569425453,0.00249023402920992,0.019220792644718,0.0187065031110956,0.0197350821783404,0.00275201560646205,0.0025400419226038,0.0029639892903203,-3.46396804624012e-05,4.60567038874198e-05,0.000300874034955601,0.000854724545021696
"196",196,"2020-10-03",0.0211300569425453,0.00249023402920992,0.0192667309549713,0.0187491952855737,0.0197842666243688,0.00289558367243601,0.00268141603735736,0.00310975130751467,0,4.59383102532629e-05,0.000250310870241799,0.000851439934534712
"197",197,"2020-10-04",0.0211300569425453,0.00249023402920992,0.019312559812793,0.0187916595911408,0.0198334600344452,0.00305516996413574,0.00282699415125379,0.00328334577701768,0,4.5828857821742e-05,0.000784795523619101,0.000848283320664344
"198",198,"2020-10-05",0.0220524564859063,0.00378328842890054,0.0193582882580676,0.0188339024688189,0.0198826740473164,0.00322393865853139,0.00298940998735126,0.00345846732971152,0.000922399543360999,4.57284452746107e-05,0.0017071950669801,0.000845258074188639
"199",199,"2020-10-06",0.0220524564859063,0.00378328842890054,0.019403925428858,0.0188759313181622,0.0199319195395538,0.003388478425511,0.0031618898988983,0.00361506695212371,0,4.56371707903518e-05,0.0026417538336609,0.00084236756660119
"200",200,"2020-10-07",0.0233749424914384,0.00354849167527601,0.0194494806505075,0.0189177536863422,0.0199812076146727,0.00352721150126392,0.00330251125730669,0.00375191174522115,0.0013224860055321,4.55552216494931e-05,0.003964239839193,0.00083961526328493
"201",201,"2020-10-08",0.0233749424914384,0.00354849167527601,0.0194949642149826,0.0189593751410591,0.020030553288906,0.00361556393388093,0.00337801825116293,0.00385310961659893,0,4.54835644751149e-05,0.003964239839193,0.000837005503651529
"202",202,"2020-10-09",0.0233749424914384,0.00354849167527601,0.0195403870082477,0.0190008000489352,0.0200799739675601,0.00362873452928874,0.00338499300147589,0.00387247605710159,0,4.54227932650993e-05,0.0031964114114934,0.000834543129297451
"203",203,"2020-10-10",0.0233749424914384,0.00354849167527601,0.019585760031704,0.0190420331781469,0.0201294868852611,0.00356313829270472,0.00333421033474917,0.00379206625066028,0,4.53730234563667e-05,0.0026530360812665,0.000832232998833581
"204",204,"2020-10-11",0.024036850334287,0.00350540895512117,0.0196310943965272,0.0190830802304727,0.0201791085625816,0.00346033538893009,0.00324343039095899,0.00367724038690118,0.0006619078428486,4.53343648231241e-05,0.0033149439241151,0.000830079713208597
"205",205,"2020-10-12",0.0243030870054458,0.00353198470047511,0.0196764013234202,0.019123948012753,0.0202288546340874,0.00336547004380371,0.00314356888931704,0.00358737119829038,0.000266236671158802,4.53069268930573e-05,0.0035811805952739,0.00082808753553059
"206",206,"2020-10-13",0.0143940774920789,0.00462939266566771,0.0197216921424308,0.019164644263213,0.0202787400216486,0.00331932110994157,0.00308954627246534,0.0035490959474178,-0.0099090095133669,4.5290819010585e-05,-0.006327828918093,0.000826260719812646
"207",207,"2020-10-14",0.0146327184038246,0.00248150492224863,0.0197669782780847,0.0192051770986487,0.0203287794575207,0.00335467525586448,0.00313201366132804,0.00357733685040093,0.0002386409117457,4.52861356539172e-05,-0.0060891880063473,0.000824603519822626
"208",208,"2020-10-15",0.0146327184038246,0.00248150492224863,0.0198122705943952,0.0192455523833953,0.0203789888053951,0.00346984126483042,0.00325817138164003,0.0036815111480208,0,4.52923163104732e-05,-0.0070378656927081,0.00082311953482004
"209",209,"2020-10-16",0.0169239566837763,0.00324308165489836,0.0198575791271286,0.0192857728234227,0.0204293854308345,0.00365377310780367,0.00343704257459039,0.00387050364101695,0.0022912382799517,4.53085327333964e-05,-0.0041544159776021,0.000821811442523659
"210",210,"2020-10-17",0.0169239566837763,0.00324308165489836,0.0199029139378001,0.0193258411419848,0.0204799867336153,0.00389636553503587,0.00366032897270196,0.00413240209736978,0,4.53348106714893e-05,-0.0041544159776021,0.00082068185374182
"211",211,"2020-10-18",0.0178128435704308,0.00505317084020394,0.0199482851819084,0.0193657608634934,0.0205308095003234,0.00418551845362156,0.00394242400188779,0.00442861290535533,0.000888886886654502,4.53712441082846e-05,-0.0032655290909476,0.000819733180575825
"212",212,"2020-10-19",0.0178128435704308,0.00505317084020394,0.0199937031091017,0.0194055365656225,0.0205818696525809,0.00450069533336513,0.00426824425047499,0.00473314641625527,0,4.54179271933176e-05,-0.0033518530525769,0.000818967168271106
"213",213,"2020-10-20",0.0178128435704308,0.00505317084020394,0.020039178063396,0.0194451738035079,0.0206331823232841,0.00481062450696732,0.0045799662441089,0.00504128276982575,0,4.54749542943139e-05,-0.0033172133721145,0.000818385418678
"214",214,"2020-10-21",0.014650904374145,0.00511923144120829,0.0200847204834222,0.0194846787171943,0.02068476224965,0.0050752494397741,0.00482575949919324,0.00532473938035496,-0.0031619391962858,4.55424200261623e-05,-0.0064791525684003,0.000817989528450899
"215",215,"2020-10-22",0.0147694074449575,0.00510293324992663,0.0201303400313876,0.0195240561052378,0.0207366239575373,0.00524828930500615,0.00498920797176018,0.00550737063825211,0.000118503070812499,4.56195479653955e-05,-0.0063606494975878,0.000817780218594553
"216",216,"2020-10-23",0.0147694074449575,0.00510293324992663,0.0201760432757658,0.0195633057286832,0.0207887808228483,0.0053064600830129,0.00506411729435806,0.00554880287166774,0,4.57032443782028e-05,-0.0072830490409488,0.000817755017698145
"217",217,"2020-10-24",0.0147694074449575,0.00510293324992663,0.0202218361182443,0.019602426433992,0.0208412458024966,0.0052716198239706,0.00503932846525445,0.00550391118268676,0,4.57928424785134e-05,-0.0072830490409488,0.000817910689386307
"218",218,"2020-10-25",0.0147694074449575,0.00510293324992663,0.0202677245131432,0.0196414178466077,0.0208940311796788,0.00517437564355716,0.0049292329846649,0.00541951830244941,0,4.58883948989408e-05,-0.0086055350464809,0.000818243862635754
"219",219,"2020-10-26",0.0147694074449575,0.00510293324992663,0.0203137144676812,0.0196802807002093,0.0209471482351532,0.00504625459389268,0.00479241104481818,0.00530009814296718,0,4.59899545380039e-05,-0.0086055350464809,0.000818750252698643
"220",220,"2020-10-27",0.0147505870325758,0.00508625612297589,0.0203598120422587,0.0197190168476464,0.0210006072368709,0.00491386507278987,0.00467628294433996,0.00515144720123979,-1.88204123816992e-05,4.609757457745e-05,-0.0086243554588626,0.000819425034010994
"221",221,"2020-10-28",0.0147505870325758,0.00508625612297589,0.0204060233507592,0.0197576289675921,0.0210544177339263,0.00478992589725437,0.00456630116074542,0.00501355063376332,0,4.62113085005593e-05,-0.0086243554588626,0.000820263319055187
"222",222,"2020-10-29",0.0159862014225937,0.00448393717671952,0.0204523542706761,0.0197961196219555,0.0211085889193967,0.00468330034379685,0.0044503676394224,0.0049162330481713,0.0012356143900179,4.63309199168829e-05,-0.0080506489116933,0.000821259874148945
"223",223,"2020-10-30",0.0170154532640656,0.00446903572414568,0.0204988075932542,0.0198344871335582,0.0211631280529502,0.00460213150447226,0.00435476919724723,0.00484949381169729,0.0010292518414719,4.6453322578098e-05,-0.0072876337413802,0.000822406269833986
"224",224,"2020-10-31",0.0170154532640656,0.00446903572414568,0.0205453842142405,0.0198727274840552,0.0212180409444259,0.00455249675267097,0.00431236957633868,0.00479262392900327,0,4.65766209863279e-05,0.0026213757719867,0.000823692071809729
"225",225,"2020-11-01",0.0170154532640656,0.00446903572414568,0.0205920850079676,0.0199108373810674,0.0212733326348678,0.00452467955971318,0.00429962889428597,0.00474973022514039,0,4.67007937270669e-05,0.002382734860241,0.000825106729882879
"226",226,"2020-11-02",0.0161396779479501,0.00448770802659245,0.0206389108545797,0.0199488146958564,0.021329007013303,0.00450098725744816,0.00427164962728611,0.00473032488761021,-0.000875775316115501,4.68258466120725e-05,0.0015069595441255,0.000826640260184478
"227",227,"2020-11-03",0.0161396779479501,0.00448770802659245,0.0206858626400679,0.0199866585553053,0.0213850667248305,0.00446411745917475,0.00421788125373231,0.00471035366461718,0,4.69517854882195e-05,-0.000784278735826201,0.000828283512939301
"228",228,"2020-11-04",0.0161396779479501,0.00448770802659245,0.0207329412563056,0.0200243691393594,0.0214415133732518,0.00439794262975488,0.00415226214177404,0.00464362311773571,0,4.70786162377092e-05,-0.000784278735826201,0.000830027318505521
"229",229,"2020-11-05",0.0161396779479501,0.00448770802659245,0.0207801475816486,0.0200619471709289,0.0214983479923682,0.00430352719373286,0.00407420322503241,0.00453285116243331,0,4.72063253429758e-05,-0.0016731656224807,0.000831862399740212
"230",230,"2020-11-06",0.017980319364762,0.00464374974764454,0.0208274814145265,0.0200993915818633,0.0215555712471897,0.00420039622740479,0.00397249967858196,0.00442829277622761,0.0018406414168119,4.73338328779334e-05,0.000167475794331198,0.000833778305424828
"231",231,"2020-11-07",0.0175678761764955,0.00345639199779244,0.0208749409088265,0.0201366986309845,0.0216131831866684,0.00410752742682708,0.00386412733341144,0.00435092752024272,-0.000412443188266502,4.74594942999444e-05,-0.000244967393935303,0.000835762845430459
"232",232,"2020-11-08",0.0183559026731262,0.00400931288860927,0.0209225240632036,0.0201738649579014,0.0216711831685059,0.0040422890334738,0.00379208343708505,0.00429249462986255,0.000788026496630703,4.75831543771746e-05,0.0037049982989812,0.000837803579781471
"233",233,"2020-11-09",0.018292666505492,0.00393533783434072,0.0209702288558678,0.0202108882731692,0.0217295694385664,0.0040149225571321,0.00377530196913387,0.00425454314513032,-6.32361676341994e-05,4.77047926641487e-05,0.0035232590605345,0.000839888824480224
"234",234,"2020-11-10",0.0303602623193066,0.00411216594797411,0.0210180532444476,0.020247767530415,0.0217883389584802,0.00402000777851348,0.00377862836760486,0.0042613871894221,0.0120675958138146,4.78243885798195e-05,0.0155908548743491,0.000842009968681841
"235",235,"2020-11-11",0.0303602623193066,0.00411216594797411,0.0210659951658571,0.0202845028156011,0.0218474875161131,0.00405040753604166,0.00375981825728815,0.00434099681479516,0,4.79419214095174e-05,0.0155908548743491,0.000844159047612845
"236",236,"2020-11-12",0.0303602623193066,0.00411216594797411,0.021114052536164,0.0203210949725369,0.0219070100997912,0.0040993486482325,0.0036798131185732,0.00451888417789181,0,4.80573703069143e-05,0.0155908548743491,0.000846328023020818
