"date","region","population","total_responses","pct_cli","pct_cli_smooth","number_cli","batched_pct_cli","batched_pct_cli_smooth","estimate_cli","cum_estimate_cli","number_cli_smooth","cum_number_cli_smooth","b_size_denom"
2020-05-08,"BRPE",9345173,458,4.84,3.92046925366954,22.1672,NA,3.86972057585315,361632.082430073,361632.082430073,366374.634167227,366374.634167227,2000
2020-05-09,"BRPE",9345173,538,4.52,3.88373933886713,24.3176,NA,3.83678432153186,358554.132484029,720186.214914102,362942.16008619,729316.794253417,2000
2020-05-10,"BRPE",9345173,465,5.02,3.84706473702072,23.343,NA,3.80384806721058,355476.182537985,1075662.39745209,359514.855096581,1088831.64935,2000
2020-05-11,"BRPE",9345173,540,3.32,3.81045701381474,17.928,NA,3.7709118128893,352398.232591941,1428060.63004403,356093.800031621,1444925.44938162,2000
2020-05-12,"BRPE",9345173,456,3.12,3.77392773493361,14.2272,NA,3.73797555856801,349320.282645897,1777380.91268993,352680.075724527,1797605.52510615,2000
2020-05-13,"BRPE",9345173,444,2.4,3.73748846606176,10.656,3.88404514582501,3.70503948568752,346242.349655809,2123623.26234573,349274.763008517,2146880.28811466,2000
2020-05-14,"BRPE",9345173,463,2.46,3.7011507728836,11.3898,NA,3.67212479279533,343166.414662615,2466789.67700835,345878.94271681,2492759.23083147,2000
2020-05-15,"BRPE",9345173,526,5.08,3.66492622108357,26.7208,NA,3.63925284623164,340094.474387771,2806884.15139612,342493.695682622,2835252.9265141,2000
2020-05-16,"BRPE",9345173,557,4.2,3.62882637634609,23.394,NA,3.60643340626828,337027.440945564,3143911.59234168,339120.102739173,3174373.02925327,2000
2020-05-17,"BRPE",9345173,559,3.63,3.59286280435557,20.2917,NA,3.57367623317711,333966.226450284,3477877.81879197,335759.24471968,3510132.27397295,2000
2020-05-18,"BRPE",9345173,613,3.83,3.55704707079646,23.4779,NA,3.54099108722995,330911.74301622,3808789.56180819,332412.202457361,3842544.47643031,2000
2020-05-19,"BRPE",9345173,561,3.45,3.52139074135316,19.3545,NA,3.50838772869866,327864.90275766,4136654.46456585,329080.056785435,4171624.53321575,2000
2020-05-20,"BRPE",9345173,438,3.99,3.48590538171011,17.4762,NA,3.47587591785507,324826.617788894,4461481.08235474,325763.88853712,4497388.42175287,2000
2020-05-21,"BRPE",9345173,414,3.47,3.45060255755173,14.3658,NA,3.44346541497103,321797.80022421,4783278.88257895,322464.778545633,4819853.2002985,2000
2020-05-22,"BRPE",9345173,475,2.63,3.41549383456244,12.4925,3.33152867488745,3.41116598031838,318779.362177898,5102058.24475685,319183.807644193,5139037.00794269,2000
2020-05-23,"BRPE",9345173,501,3.88,3.38059077842666,19.4388,NA,3.37898737416896,315772.215764247,5417830.4605211,315922.056666018,5454959.06460871,2000
2020-05-24,"BRPE",9345173,538,2.28,3.34590495482883,12.2664,NA,3.34693935679462,312777.273097544,5730607.73361864,312680.606444326,5767639.67105304,2000
2020-05-25,"BRPE",9345173,528,2.32,3.31144792945336,12.2496,NA,3.3150316884672,309795.44629208,6040403.17991072,309460.537812334,6077100.20886537,2000
2020-05-26,"BRPE",9345173,498,3.28,3.27723126797806,16.3344,NA,3.28327412945853,306827.647462144,6347230.82737287,306262.931602643,6383363.14046801,2000
2020-05-27,"BRPE",9345173,543,4.19,3.24326652434321,22.7517,NA,3.25167644004047,303874.788722023,6651105.61609489,303088.86755096,6686452.00801897,2000
2020-05-28,"BRPE",9345173,519,5.15,3.20956521657481,26.7285,NA,3.22024838048485,300937.782186007,6952043.3982809,299939.422036741,6986391.43005572,2000
2020-05-29,"BRPE",9345173,455,3.86,3.17613885585347,17.563,NA,3.18900006321624,298017.572877667,7250060.97115856,296815.670799727,7283207.10085544,2000
2020-05-30,"BRPE",9345173,514,3.37,3.14299895335976,17.3218,NA,3.15794332450375,295115.266916827,7545176.23807539,293718.689579659,7576925.7904351,2000
2020-05-31,"BRPE",9345173,502,3.46,3.11015702027428,17.3692,NA,3.12709052726443,292232.019639473,7837408.25771486,290649.554116277,7867575.34455138,2000
2020-06-01,"BRPE",9345173,400,2.31,3.07762456777761,9.24,3.34496264674493,3.09645403454666,289368.986393865,8126777.24410873,287609.34014932,8155184.6847007,2000
2020-06-02,"BRPE",9345173,512,3.04,3.04541310705036,15.5648,NA,3.0660462093988,286527.32252826,8413304.56663699,284599.123418531,8439783.80811923,2000
2020-06-03,"BRPE",9345173,480,3.23,3.0135341492731,15.504,NA,3.03587941486923,283708.183390918,8697012.7500279,281619.979663649,8721403.78778288,2000
2020-06-04,"BRPE",9345173,441,3.64,2.98199920562642,16.0524,NA,3.00596601400633,280912.724330095,8977925.474358,278672.984624415,9000076.77240729,2000
2020-06-05,"BRPE",9345173,411,2.73,2.95081978729092,11.2203,NA,2.97631836985845,278142.100694052,9256067.57505205,275759.214040569,9275835.98644786,2000
2020-06-06,"BRPE",9345173,451,2.25,2.92000740544718,10.1475,NA,2.94694884547397,275397.467831045,9531465.0428831,272879.743651851,9548715.73009971,2000
2020-06-07,"BRPE",9345173,466,1.32,2.8895735712758,6.1512,NA,2.91786980390127,272679.981089334,9804145.02397243,270035.649198002,9818751.37929771,2000
2020-06-08,"BRPE",9345173,492,2.5,2.85952979595737,12.3,NA,2.88909360818871,269990.795817177,10074135.8197896,267228.006418763,10085979.3857165,2000
2020-06-09,"BRPE",9345173,447,1.81,2.82988759067247,8.0907,NA,2.86063262138466,267331.067362831,10341466.8871524,264457.891053874,10350437.2767704,2000
2020-06-10,"BRPE",9345173,426,1.66,2.80065846660169,7.0716,NA,2.83249920653749,264701.951074556,10606168.838227,261726.378843075,10612163.6556134,2000
2020-06-11,"BRPE",9345173,511,2.58,2.77185393492563,13.1838,2.30028565556926,2.80470572669558,262104.602300609,10868273.4405276,259034.545526108,10871198.2011395,2000
2020-06-12,"BRPE",9345173,576,2.12,2.74348550682487,12.2112,NA,2.7772645449073,259540.17638925,11127813.6169169,256383.466842711,11127581.6679822,2000
2020-06-13,"BRPE",9345173,570,1.96,2.71556469325806,11.172,NA,2.75018734066145,257009.764808912,11384823.3817258,253774.218511885,11381355.8864941,2000
2020-06-14,"BRPE",9345173,517,3.55,2.68810135569664,18.3535,NA,2.72348003290845,254513.920695752,11639337.3024215,251207.722105197,11632563.6085993,2000
2020-06-15,"BRPE",9345173,447,2.53,2.66109974166218,11.3091,NA,2.69714565276866,252052.92731321,11891390.2297347,248684.374560884,11881247.9831602,2000
2020-06-16,"BRPE",9345173,414,2.92,2.63456290541864,12.0888,NA,2.67118720973477,249627.065903587,12141017.2956383,246204.461305199,12127452.4444654,2000
2020-06-17,"BRPE",9345173,434,3.5,2.60849390123,15.19,NA,2.64560771329948,247236.61770918,12388253.9133475,243768.267764393,12371220.7122298,2000
2020-06-18,"BRPE",9345173,389,2.87,2.58289578336023,11.1643,NA,2.6204101729555,244881.863972291,12633135.7773198,241376.079364719,12612596.7915945,2000
2020-06-19,"BRPE",9345173,378,1.08,2.5577716060733,4.0824,NA,2.59559759819553,242563.085935217,12875698.863255,239028.181532428,12851624.9731269,2000
2020-06-20,"BRPE",9345173,387,3.18,2.53312442363318,12.3066,NA,2.57117299851226,240280.564840258,13115979.4280953,236724.859693773,13088349.8328207,2000
2020-06-21,"BRPE",9345173,418,3.18,2.50895729030383,13.2924,NA,2.5471393833984,238034.581929713,13354014.010025,234466.399275005,13322816.2320957,2000
2020-06-22,"BRPE",9345173,433,2.81,2.48527326034924,12.1673,2.86604141291108,2.52349976234664,235825.418445883,13589839.4284709,232253.085702377,13555069.3177981,2000
2020-06-23,"BRPE",9345173,358,4.49,2.46207538803337,16.0742,NA,2.5002571448497,233653.355631065,13823492.7841019,230085.204402139,13785154.5222002,2000
2020-06-24,"BRPE",9345173,412,2.74,2.43936672762018,11.2888,NA,2.47741454040026,231518.67472756,14055011.4588295,227963.040800545,14013117.5630008,2000
2020-06-25,"BRPE",9345173,473,3,2.41715033337366,14.19,NA,2.45497495849104,229421.656977666,14284433.1158071,225886.880323846,14239004.4433246,2000
2020-06-26,"BRPE",9345173,412,2.96,2.39542925955778,12.1952,NA,2.43294140861472,227362.583623683,14511795.6994308,223857.008398293,14462861.4517229,2000
2020-06-27,"BRPE",9345173,394,1.29,2.37420656043649,5.0826,NA,2.41131690026402,225341.73590791,14737137.4353387,221873.71045014,14684735.1621731,2000
2020-06-28,"BRPE",9345173,438,3.23,2.35348529027378,14.1474,NA,2.39010459418492,223359.409207529,14960496.8445463,219937.271905637,14904672.4340787,2000
2020-06-29,"BRPE",9345173,442,2.31,2.33326850333362,10.2102,NA,2.36931003920885,221416.122070435,15181912.9666167,218047.978191038,15122720.4122697,2000
2020-06-30,"BRPE",9345173,427,1.9,2.31355925387997,8.113,NA,2.3489406885636,219512.571013659,15401425.5376304,216206.114732592,15338926.5270023,2000
2020-07-01,"BRPE",9345173,390,0.78,2.29436059617597,3.042,NA,2.32900404843641,217649.457503386,15619074.9951337,214411.966956476,15553338.4939588,2000
2020-07-02,"BRPE",9345173,343,2.1,2.27567543379629,7.203,NA,2.30950762501453,215827.4830058,15834902.4781395,212665.806206764,15766004.3001656,2000
2020-07-03,"BRPE",9345173,390,2.6,2.25750609923539,10.14,NA,2.29045892448524,214047.348987085,16048949.8271266,210967.850459099,15976972.1506247,2000
2020-07-04,"BRPE",9345173,385,1.32,2.23985478972422,5.082,2.20225511073254,2.27186545303576,212309.756913426,16261259.5840401,209318.305048514,16186290.4556732,2000
2020-07-05,"BRPE",9345173,411,1.98,2.22272370249369,8.1378,NA,2.25373471685337,210615.408251007,16471874.9922911,207717.375310041,16394007.8309832,2000
2020-07-06,"BRPE",9345173,407,1.75,2.20611503477474,7.1225,NA,2.23607422212531,208965.004466014,16680839.9967571,206165.26657871,16600173.0975619,2000
2020-07-07,"BRPE",9345173,410,3.47,2.1900309837983,14.227,NA,2.21889147503883,207359.24702463,16888199.2437817,204662.184189553,16804835.2817515,2000
2020-07-08,"BRPE",9345173,463,3.9,2.17447374679529,18.057,NA,2.20219398178119,205798.837393041,17093998.0811747,203208.333477602,17008043.6152291,2000
2020-07-09,"BRPE",9345173,335,2.4,2.15944552099664,8.04,NA,2.18598924853964,204284.47703743,17298282.5582122,201803.919777888,17209847.535007,2000
2020-07-10,"BRPE",9345173,293,1.38,2.14494850363329,4.0434,NA,2.17028478150144,202816.867423982,17501099.4256362,200449.148425442,17410296.6834324,2000
2020-07-11,"BRPE",9345173,340,1.79,2.13098489193616,6.086,NA,2.15508808685384,201396.710018881,17702496.135655,199144.224755297,17609440.9081877,2000
2020-07-12,"BRPE",9345173,429,1.43,2.11755688313617,6.1347,NA,2.14040667078408,200024.706288313,17902520.8419434,197889.354102483,17807330.2622902,2000
2020-07-13,"BRPE",9345173,514,2.58,2.10466667446427,13.2612,NA,2.12624780072317,198701.535386276,18101222.3773296,196684.741802033,18004015.0040922,2000
2020-07-14,"BRPE",9345173,388,1.29,2.09231646315138,5.0052,NA,2.11261015854425,197427.074131535,18298649.4514612,195530.593188977,18199545.5972812,2000
2020-07-15,"BRPE",9345173,429,1.42,2.08050844642842,6.0918,NA,2.09948165995552,196200.193226115,18494849.6446873,194427.113598348,18393972.7108796,2000
2020-07-16,"BRPE",9345173,444,1.59,2.06924482152632,7.0596,1.68141005185481,2.08684953877249,195019.699647991,18689869.3443353,193374.508365176,18587347.2192447,2000
2020-07-17,"BRPE",9345173,395,1.82,2.05852778567603,7.189,NA,2.07470102881066,193884.400375136,18883753.7447104,192372.982824494,18779720.2020692,2000
2020-07-18,"BRPE",9345173,410,2.21,2.04835953610845,9.061,NA,2.06302336388556,192793.102385526,19076546.8470959,191422.742311332,18971142.9443806,2000
2020-07-19,"BRPE",9345173,391,0.78,2.03874227005453,3.0498,NA,2.05180377781271,191744.612657133,19268291.4597531,190523.992160723,19161666.9365413,2000
2020-07-20,"BRPE",9345173,438,0.92,2.02967344070272,4.0296,NA,2.0410295044076,190737.738167933,19459029.197921,189676.494368722,19351343.43091,2000
2020-07-21,"BRPE",9345173,395,1.04,2.02113047198268,4.108,NA,2.03068777748577,189771.2858959,19648800.4838169,188878.139162498,19540221.5700725,2000
2020-07-22,"BRPE",9345173,441,3,2.01308550278945,13.23,NA,2.02076583086272,188844.062819008,19837644.5466359,188126.322873594,19728347.8929461,2000
2020-07-23,"BRPE",9345173,374,2.18,2.00551067198888,8.1532,NA,2.01125089835396,187954.875915232,20025599.4225511,187418.441830823,19915766.3347769,2000
2020-07-24,"BRPE",9345173,366,1.66,1.99837811844679,6.0756,NA,2.00213021377501,187102.532162545,20212701.9547137,186751.892362997,20102518.2271399,2000
2020-07-25,"BRPE",9345173,409,2.27,1.99165998102901,9.2843,NA,1.99339101094139,186285.838538922,20398987.7932526,186124.070798928,20288642.2979388,2000
2020-07-26,"BRPE",9345173,424,1.91,1.98532839860138,8.0984,NA,1.98502052366861,185503.602022337,20584491.3952749,185532.373467428,20474174.6714063,2000
2020-07-27,"BRPE",9345173,427,1.66,1.97935551002972,7.0882,NA,1.97700598577217,184754.629590765,20769246.0248657,184974.19669731,20659148.8681036,2000
2020-07-28,"BRPE",9345173,432,1.18,1.97371345417988,5.0976,1.93302543786489,1.96933461715404,184037.726921932,20953283.7517876,184446.936817386,20843595.804921,2000
2020-07-29,"BRPE",9345173,423,2.18,1.96837436991769,9.2214,NA,1.96199177990779,183351.526078162,21136635.2778658,183947.990156468,21027543.7950774,2000
2020-07-30,"BRPE",9345173,419,3.16,1.96331039610897,13.2404,NA,1.95495913023852,182694.312800085,21319329.5906659,183474.753043368,21211018.5481208,2000
2020-07-31,"BRPE",9345173,390,1.04,1.95849367161955,4.056,NA,1.94821788460151,182064.331732952,21501393.9223988,183024.621806899,21394043.1699277,2000
2020-08-01,"BRPE",9345173,358,2,1.95389633531528,7.16,NA,1.94174925945206,181459.827522014,21682853.7499209,182594.992775873,21576638.1627036,2000
2020-08-02,"BRPE",9345173,390,2.36,1.94949052606198,9.204,NA,1.93553447124545,180879.044812523,21863732.7947334,182183.262279102,21758821.4249827,2000
2020-08-03,"BRPE",9345173,384,1.57,1.94524838272549,6.0288,NA,1.92955473643698,180320.22824973,22044053.0229831,181786.826645399,21940608.2516281,2000
2020-08-04,"BRPE",9345173,361,2.56,1.94114204417163,9.2416,NA,1.92379127148194,179781.622478887,22223834.645462,181403.082203575,22122011.3338317,2000
2020-08-05,"BRPE",9345173,371,2.19,1.93714364926624,8.1249,NA,1.91822529283562,179261.472145245,22403096.1176072,181029.425282444,22303040.7591141,2000
2020-08-06,"BRPE",9345173,354,1.44,1.93322533687516,5.0976,NA,1.91283801695331,178758.021894056,22581854.1395013,180663.252210816,22483704.0113249,2000
2020-08-07,"BRPE",9345173,340,2.09,1.92936180855671,7.106,NA,1.90761066029031,178269.516370572,22760123.6558719,180302.198805553,22664006.2101305,2000
2020-08-08,"BRPE",9345173,316,2.24,1.92553982263491,7.0784,NA,1.9025244393019,177794.200220043,22937917.8560919,179945.027609125,22843951.2377396,2000
2020-08-09,"BRPE",9345173,336,2.12,1.92174967994505,7.1232,NA,1.89756057044338,177330.31808772,23115248.1741796,179590.832217812,23023542.0699574,2000
2020-08-10,"BRPE",9345173,376,3.5,1.9179816817991,13.16,NA,1.89270027017003,176876.114618857,23292124.2887985,179238.706272436,23202780.7762298,2000
2020-08-11,"BRPE",9345173,376,1.36,1.914226129509,5.1136,2.21537839518972,1.88792475493715,176429.834458703,23468554.1232572,178887.74341382,23381668.5196437,2000
2020-08-12,"BRPE",9345173,365,3.63,1.9104733243867,13.2495,NA,1.88321524198517,175989.722325883,23644543.8455831,178537.037282789,23560205.5569265,2000
2020-08-13,"BRPE",9345173,307,1.97,1.90671356774416,6.0479,NA,1.87855609760962,175554.317223667,23820098.1628067,178185.681520164,23738391.2384466,2000
2020-08-14,"BRPE",9345173,274,2.66,1.90293716089332,7.2884,NA,1.87394199571519,175123.121419237,23995221.284226,177832.769766769,23916224.0082134,2000
2020-08-15,"BRPE",9345173,243,0,1.89913440514615,0,NA,1.86936971587947,174695.833958545,24169917.1181845,177477.395663428,24093701.4038768,2000
2020-08-16,"BRPE",9345173,269,1.52,1.89529560181458,4.0888,NA,1.86483603768004,174272.153887545,24344189.2720721,177118.652850964,24270820.0567278,2000
2020-08-17,"BRPE",9345173,269,1.88,1.89141105221057,5.0572,NA,1.86033774069447,173851.78025219,24518041.0523243,176755.634970198,24447575.691698,2000
2020-08-18,"BRPE",9345173,266,3.41,1.88747105764608,9.0706,NA,1.85587160450036,173434.412098434,24691475.4644227,176387.435661956,24623963.1273599,2000
2020-08-19,"BRPE",9345173,281,2.17,1.88346591943306,6.0977,NA,1.85143440867527,173019.748472231,24864495.2128949,176013.14856706,24799976.275927,2000
2020-08-20,"BRPE",9345173,262,0.77,1.87938593888345,2.0174,NA,1.84702293279679,172607.488419534,25037102.7013145,175631.867326333,24975608.1432533,2000
2020-08-21,"BRPE",9345173,268,3.44,1.87522141730922,9.2192,NA,1.8426339564425,172197.330986296,25209300.0323008,175242.685580598,25150850.8288339,2000
2020-08-22,"BRPE",9345173,279,2.15,1.8709626560223,5.9985,NA,1.83826425918997,171788.975218471,25381089.0075192,174844.696970679,25325695.5258046,2000
2020-08-23,"BRPE",9345173,265,1.91,1.86659995633466,5.0615,NA,1.83391062061679,171382.120162013,25552471.1276812,174436.995137398,25500132.520942,2000
2020-08-24,"BRPE",9345173,260,1.17,1.86212361955824,3.042,NA,1.82956982030054,170976.464862875,25723447.5925441,174018.67372158,25674151.1946636,2000
2020-08-25,"BRPE",9345173,304,1.68,1.85752586897586,5.1072,NA,1.8252386378188,170571.70836701,25894019.3009111,173589.005975547,25847740.2006391,2000
2020-08-26,"BRPE",9345173,297,2.79,1.85280901143111,8.2863,NA,1.82091385274914,170167.549720373,26064186.8506315,173148.207477827,26020888.408117,2000
2020-08-27,"BRPE",9345173,264,1.94,1.84797864928124,5.1216,1.81449906658369,1.81659224466916,169763.687968916,26233950.5386004,172696.801778395,26193585.2098954,2000
2020-08-28,"BRPE",9345173,262,0.78,1.84304038674283,2.0436,NA,1.81227113043619,169359.872368317,26403310.4109687,172235.312600986,26365820.5224963,2000
2020-08-29,"BRPE",9345173,251,2.81,1.83799982803244,7.0531,NA,1.80795001468069,168956.056625435,26572266.4675942,171764.263669334,26537584.7861657,2000
2020-08-30,"BRPE",9345173,245,1.67,1.83286257736663,4.0915,NA,1.80362889892518,168552.240882554,26740818.7084767,171284.17870717,26708868.9648728,2000
2020-08-31,"BRPE",9345173,292,0.69,1.82763423896196,2.0148,NA,1.79930778316968,168148.425139672,26908967.1336164,170795.581438229,26879664.5463111,2000
2020-09-01,"BRPE",9345173,287,1.77,1.82232041703501,5.0799,NA,1.79498666741418,167744.60939679,27076711.7430132,170298.995586243,27049963.5418973,2000
2020-09-02,"BRPE",9345173,258,1.57,1.81692671580233,4.0506,NA,1.79066555165868,167340.793653908,27244052.5366671,169794.944874946,27219758.4867723,2000
2020-09-03,"BRPE",9345173,246,2.07,1.81145873948049,5.0922,NA,1.78634443590319,166936.977911027,27410989.5145781,169283.953028071,27389042.4398003,2000
2020-09-04,"BRPE",9345173,219,2.3,1.80592209228605,5.037,NA,1.78202332014768,166533.162168145,27577522.6767463,168766.543769351,27557808.9835697,2000
2020-09-05,"BRPE",9345173,281,1.09,1.80032237843557,3.0629,NA,1.77770220439218,166129.346425263,27743652.0231715,168243.240822519,27726052.2243922,2000
2020-09-06,"BRPE",9345173,254,4.03,1.79466520214563,10.2362,NA,1.77338108863668,165725.530682382,27909377.5538539,167714.567911309,27893766.7923035,2000
2020-09-07,"BRPE",9345173,300,1.01,1.78895616763278,3.03,NA,1.76905997288118,165321.7149395,28074699.2687934,167181.048759454,28060947.841063,2000
2020-09-08,"BRPE",9345173,255,1.2,1.78320087911359,3.06,NA,1.76473885712568,164917.899196618,28239617.16799,166643.207090686,28227591.0481536,2000
2020-09-09,"BRPE",9345173,308,1.97,1.77740494080463,6.0676,NA,1.76041774137018,164514.083453736,28404131.2514438,166101.56662874,28393692.6147824,2000
2020-09-10,"BRPE",9345173,290,1.4,1.77157395692245,4.06,NA,1.75609662561468,164110.267710854,28568241.5191546,165556.651097348,28559249.2658797,2000
2020-09-11,"BRPE",9345173,241,1.26,1.76571353168362,3.0366,NA,1.75177550985918,163706.451967973,28731947.9711226,165008.984220244,28724258.2501,2000
